5 3 0 0 7 0 0 0 0 
6 0 0 1 9 5 0 0 0 
0 9 8 0 0 0 0 6 0 
8 0 0 0 6 0 0 0 3 
4 0 0 8 0 3 0 0 1 
7 0 0 0 2 0 0 0 6 
0 6 0 0 0 0 2 8 0 
0 0 0 4 1 9 0 0 5 
0 0 0 0 8 0 0 7 9 
5 3 0 0 7 0 0 0 0 
6 0 0 1 9 5 0 0 0 
0 9 8 0 0 0 0 6 0 
8 0 0 0 6 0 0 0 3 
4 0 0 8 0 3 0 0 1 
7 0 0 0 2 0 0 0 6 
0 6 0 0 0 0 2 8 0 
0 0 0 4 1 9 0 0 5 
0 0 0 0 8 0 0 7 9 
5 3 1 0 7 0 0 0 0 
6 0 0 1 9 5 0 0 0 
0 9 8 0 0 0 0 6 0 
8 0 0 0 6 0 0 0 3 
4 0 0 8 0 3 0 0 1 
7 0 0 0 2 0 0 0 6 
0 6 0 0 0 0 2 8 0 
0 0 0 4 1 9 0 0 5 
0 0 0 0 8 0 0 7 9 
5 3 1 2 7 0 0 0 0 
6 0 0 1 9 5 0 0 0 
0 9 8 0 0 0 0 6 0 
8 0 0 0 6 0 0 0 3 
4 0 0 8 0 3 0 0 1 
7 0 0 0 2 0 0 0 6 
0 6 0 0 0 0 2 8 0 
0 0 0 4 1 9 0 0 5 
0 0 0 0 8 0 0 7 9 
5 3 1 2 7 0 0 0 0 
6 0 0 1 9 5 0 0 0 
0 9 8 0 0 0 0 6 0 
8 0 0 0 6 0 0 0 3 
4 0 0 8 0 3 0 0 1 
7 0 0 0 2 0 0 0 6 
0 6 0 0 0 0 2 8 0 
0 0 0 4 1 9 0 0 5 
0 0 0 0 8 0 0 7 9 
5 3 1 2 7 4 0 0 0 
6 0 0 1 9 5 0 0 0 
0 9 8 0 0 0 0 6 0 
8 0 0 0 6 0 0 0 3 
4 0 0 8 0 3 0 0 1 
7 0 0 0 2 0 0 0 6 
0 6 0 0 0 0 2 8 0 
0 0 0 4 1 9 0 0 5 
0 0 0 0 8 0 0 7 9 
5 3 1 2 7 4 8 0 0 
6 0 0 1 9 5 0 0 0 
0 9 8 0 0 0 0 6 0 
8 0 0 0 6 0 0 0 3 
4 0 0 8 0 3 0 0 1 
7 0 0 0 2 0 0 0 6 
0 6 0 0 0 0 2 8 0 
0 0 0 4 1 9 0 0 5 
0 0 0 0 8 0 0 7 9 
5 3 1 2 7 4 8 9 0 
6 0 0 1 9 5 0 0 0 
0 9 8 0 0 0 0 6 0 
8 0 0 0 6 0 0 0 3 
4 0 0 8 0 3 0 0 1 
7 0 0 0 2 0 0 0 6 
0 6 0 0 0 0 2 8 0 
0 0 0 4 1 9 0 0 5 
0 0 0 0 8 0 0 7 9 
5 3 1 2 7 4 9 0 0 
6 0 0 1 9 5 0 0 0 
0 9 8 0 0 0 0 6 0 
8 0 0 0 6 0 0 0 3 
4 0 0 8 0 3 0 0 1 
7 0 0 0 2 0 0 0 6 
0 6 0 0 0 0 2 8 0 
0 0 0 4 1 9 0 0 5 
0 0 0 0 8 0 0 7 9 
5 3 1 2 7 6 0 0 0 
6 0 0 1 9 5 0 0 0 
0 9 8 0 0 0 0 6 0 
8 0 0 0 6 0 0 0 3 
4 0 0 8 0 3 0 0 1 
7 0 0 0 2 0 0 0 6 
0 6 0 0 0 0 2 8 0 
0 0 0 4 1 9 0 0 5 
0 0 0 0 8 0 0 7 9 
5 3 1 2 7 6 4 0 0 
6 0 0 1 9 5 0 0 0 
0 9 8 0 0 0 0 6 0 
8 0 0 0 6 0 0 0 3 
4 0 0 8 0 3 0 0 1 
7 0 0 0 2 0 0 0 6 
0 6 0 0 0 0 2 8 0 
0 0 0 4 1 9 0 0 5 
0 0 0 0 8 0 0 7 9 
5 3 1 2 7 6 4 9 0 
6 0 0 1 9 5 0 0 0 
0 9 8 0 0 0 0 6 0 
8 0 0 0 6 0 0 0 3 
4 0 0 8 0 3 0 0 1 
7 0 0 0 2 0 0 0 6 
0 6 0 0 0 0 2 8 0 
0 0 0 4 1 9 0 0 5 
0 0 0 0 8 0 0 7 9 
5 3 1 2 7 6 4 9 8 
6 0 0 1 9 5 0 0 0 
0 9 8 0 0 0 0 6 0 
8 0 0 0 6 0 0 0 3 
4 0 0 8 0 3 0 0 1 
7 0 0 0 2 0 0 0 6 
0 6 0 0 0 0 2 8 0 
0 0 0 4 1 9 0 0 5 
0 0 0 0 8 0 0 7 9 
5 3 1 2 7 6 4 9 8 
6 0 0 1 9 5 0 0 0 
0 9 8 0 0 0 0 6 0 
8 0 0 0 6 0 0 0 3 
4 0 0 8 0 3 0 0 1 
7 0 0 0 2 0 0 0 6 
0 6 0 0 0 0 2 8 0 
0 0 0 4 1 9 0 0 5 
0 0 0 0 8 0 0 7 9 
5 3 1 2 7 6 4 9 8 
6 2 0 1 9 5 0 0 0 
0 9 8 0 0 0 0 6 0 
8 0 0 0 6 0 0 0 3 
4 0 0 8 0 3 0 0 1 
7 0 0 0 2 0 0 0 6 
0 6 0 0 0 0 2 8 0 
0 0 0 4 1 9 0 0 5 
0 0 0 0 8 0 0 7 9 
5 3 1 2 7 6 4 9 8 
6 2 4 1 9 5 0 0 0 
0 9 8 0 0 0 0 6 0 
8 0 0 0 6 0 0 0 3 
4 0 0 8 0 3 0 0 1 
7 0 0 0 2 0 0 0 6 
0 6 0 0 0 0 2 8 0 
0 0 0 4 1 9 0 0 5 
0 0 0 0 8 0 0 7 9 
5 3 1 2 7 6 4 9 8 
6 2 4 1 9 5 0 0 0 
0 9 8 0 0 0 0 6 0 
8 0 0 0 6 0 0 0 3 
4 0 0 8 0 3 0 0 1 
7 0 0 0 2 0 0 0 6 
0 6 0 0 0 0 2 8 0 
0 0 0 4 1 9 0 0 5 
0 0 0 0 8 0 0 7 9 
5 3 1 2 7 6 4 9 8 
6 2 4 1 9 5 0 0 0 
0 9 8 0 0 0 0 6 0 
8 0 0 0 6 0 0 0 3 
4 0 0 8 0 3 0 0 1 
7 0 0 0 2 0 0 0 6 
0 6 0 0 0 0 2 8 0 
0 0 0 4 1 9 0 0 5 
0 0 0 0 8 0 0 7 9 
5 3 1 2 7 6 4 9 8 
6 2 4 1 9 5 0 0 0 
0 9 8 0 0 0 0 6 0 
8 0 0 0 6 0 0 0 3 
4 0 0 8 0 3 0 0 1 
7 0 0 0 2 0 0 0 6 
0 6 0 0 0 0 2 8 0 
0 0 0 4 1 9 0 0 5 
0 0 0 0 8 0 0 7 9 
5 3 1 2 7 6 4 9 8 
6 2 4 1 9 5 3 0 0 
0 9 8 0 0 0 0 6 0 
8 0 0 0 6 0 0 0 3 
4 0 0 8 0 3 0 0 1 
7 0 0 0 2 0 0 0 6 
0 6 0 0 0 0 2 8 0 
0 0 0 4 1 9 0 0 5 
0 0 0 0 8 0 0 7 9 
5 3 1 2 7 6 4 9 8 
6 2 4 1 9 5 7 0 0 
0 9 8 0 0 0 0 6 0 
8 0 0 0 6 0 0 0 3 
4 0 0 8 0 3 0 0 1 
7 0 0 0 2 0 0 0 6 
0 6 0 0 0 0 2 8 0 
0 0 0 4 1 9 0 0 5 
0 0 0 0 8 0 0 7 9 
5 3 1 2 7 6 4 9 8 
6 2 4 1 9 5 7 3 0 
0 9 8 0 0 0 0 6 0 
8 0 0 0 6 0 0 0 3 
4 0 0 8 0 3 0 0 1 
7 0 0 0 2 0 0 0 6 
0 6 0 0 0 0 2 8 0 
0 0 0 4 1 9 0 0 5 
0 0 0 0 8 0 0 7 9 
5 3 1 2 7 6 4 9 8 
6 2 7 1 9 5 0 0 0 
0 9 8 0 0 0 0 6 0 
8 0 0 0 6 0 0 0 3 
4 0 0 8 0 3 0 0 1 
7 0 0 0 2 0 0 0 6 
0 6 0 0 0 0 2 8 0 
0 0 0 4 1 9 0 0 5 
0 0 0 0 8 0 0 7 9 
5 3 1 2 7 6 4 9 8 
6 2 7 1 9 5 0 0 0 
0 9 8 0 0 0 0 6 0 
8 0 0 0 6 0 0 0 3 
4 0 0 8 0 3 0 0 1 
7 0 0 0 2 0 0 0 6 
0 6 0 0 0 0 2 8 0 
0 0 0 4 1 9 0 0 5 
0 0 0 0 8 0 0 7 9 
5 3 1 2 7 6 4 9 8 
6 2 7 1 9 5 0 0 0 
0 9 8 0 0 0 0 6 0 
8 0 0 0 6 0 0 0 3 
4 0 0 8 0 3 0 0 1 
7 0 0 0 2 0 0 0 6 
0 6 0 0 0 0 2 8 0 
0 0 0 4 1 9 0 0 5 
0 0 0 0 8 0 0 7 9 
5 3 1 2 7 6 4 9 8 
6 2 7 1 9 5 0 0 0 
0 9 8 0 0 0 0 6 0 
8 0 0 0 6 0 0 0 3 
4 0 0 8 0 3 0 0 1 
7 0 0 0 2 0 0 0 6 
0 6 0 0 0 0 2 8 0 
0 0 0 4 1 9 0 0 5 
0 0 0 0 8 0 0 7 9 
5 3 1 2 7 6 4 9 8 
6 2 7 1 9 5 3 0 0 
0 9 8 0 0 0 0 6 0 
8 0 0 0 6 0 0 0 3 
4 0 0 8 0 3 0 0 1 
7 0 0 0 2 0 0 0 6 
0 6 0 0 0 0 2 8 0 
0 0 0 4 1 9 0 0 5 
0 0 0 0 8 0 0 7 9 
5 3 1 2 7 6 4 9 8 
6 4 0 1 9 5 0 0 0 
0 9 8 0 0 0 0 6 0 
8 0 0 0 6 0 0 0 3 
4 0 0 8 0 3 0 0 1 
7 0 0 0 2 0 0 0 6 
0 6 0 0 0 0 2 8 0 
0 0 0 4 1 9 0 0 5 
0 0 0 0 8 0 0 7 9 
5 3 1 2 7 6 4 9 8 
6 4 2 1 9 5 0 0 0 
0 9 8 0 0 0 0 6 0 
8 0 0 0 6 0 0 0 3 
4 0 0 8 0 3 0 0 1 
7 0 0 0 2 0 0 0 6 
0 6 0 0 0 0 2 8 0 
0 0 0 4 1 9 0 0 5 
0 0 0 0 8 0 0 7 9 
5 3 1 2 7 6 4 9 8 
6 4 2 1 9 5 0 0 0 
0 9 8 0 0 0 0 6 0 
8 0 0 0 6 0 0 0 3 
4 0 0 8 0 3 0 0 1 
7 0 0 0 2 0 0 0 6 
0 6 0 0 0 0 2 8 0 
0 0 0 4 1 9 0 0 5 
0 0 0 0 8 0 0 7 9 
5 3 1 2 7 6 4 9 8 
6 4 2 1 9 5 0 0 0 
0 9 8 0 0 0 0 6 0 
8 0 0 0 6 0 0 0 3 
4 0 0 8 0 3 0 0 1 
7 0 0 0 2 0 0 0 6 
0 6 0 0 0 0 2 8 0 
0 0 0 4 1 9 0 0 5 
0 0 0 0 8 0 0 7 9 
5 3 1 2 7 6 4 9 8 
6 4 2 1 9 5 0 0 0 
0 9 8 0 0 0 0 6 0 
8 0 0 0 6 0 0 0 3 
4 0 0 8 0 3 0 0 1 
7 0 0 0 2 0 0 0 6 
0 6 0 0 0 0 2 8 0 
0 0 0 4 1 9 0 0 5 
0 0 0 0 8 0 0 7 9 
5 3 1 2 7 6 4 9 8 
6 4 2 1 9 5 3 0 0 
0 9 8 0 0 0 0 6 0 
8 0 0 0 6 0 0 0 3 
4 0 0 8 0 3 0 0 1 
7 0 0 0 2 0 0 0 6 
0 6 0 0 0 0 2 8 0 
0 0 0 4 1 9 0 0 5 
0 0 0 0 8 0 0 7 9 
5 3 1 2 7 6 4 9 8 
6 4 2 1 9 5 7 0 0 
0 9 8 0 0 0 0 6 0 
8 0 0 0 6 0 0 0 3 
4 0 0 8 0 3 0 0 1 
7 0 0 0 2 0 0 0 6 
0 6 0 0 0 0 2 8 0 
0 0 0 4 1 9 0 0 5 
0 0 0 0 8 0 0 7 9 
5 3 1 2 7 6 4 9 8 
6 4 2 1 9 5 7 3 0 
0 9 8 0 0 0 0 6 0 
8 0 0 0 6 0 0 0 3 
4 0 0 8 0 3 0 0 1 
7 0 0 0 2 0 0 0 6 
0 6 0 0 0 0 2 8 0 
0 0 0 4 1 9 0 0 5 
0 0 0 0 8 0 0 7 9 
5 3 1 2 7 6 4 9 8 
6 4 7 1 9 5 0 0 0 
0 9 8 0 0 0 0 6 0 
8 0 0 0 6 0 0 0 3 
4 0 0 8 0 3 0 0 1 
7 0 0 0 2 0 0 0 6 
0 6 0 0 0 0 2 8 0 
0 0 0 4 1 9 0 0 5 
0 0 0 0 8 0 0 7 9 
5 3 1 2 7 6 4 9 8 
6 4 7 1 9 5 0 0 0 
0 9 8 0 0 0 0 6 0 
8 0 0 0 6 0 0 0 3 
4 0 0 8 0 3 0 0 1 
7 0 0 0 2 0 0 0 6 
0 6 0 0 0 0 2 8 0 
0 0 0 4 1 9 0 0 5 
0 0 0 0 8 0 0 7 9 
5 3 1 2 7 6 4 9 8 
6 4 7 1 9 5 0 0 0 
0 9 8 0 0 0 0 6 0 
8 0 0 0 6 0 0 0 3 
4 0 0 8 0 3 0 0 1 
7 0 0 0 2 0 0 0 6 
0 6 0 0 0 0 2 8 0 
0 0 0 4 1 9 0 0 5 
0 0 0 0 8 0 0 7 9 
5 3 1 2 7 6 4 9 8 
6 4 7 1 9 5 0 0 0 
0 9 8 0 0 0 0 6 0 
8 0 0 0 6 0 0 0 3 
4 0 0 8 0 3 0 0 1 
7 0 0 0 2 0 0 0 6 
0 6 0 0 0 0 2 8 0 
0 0 0 4 1 9 0 0 5 
0 0 0 0 8 0 0 7 9 
5 3 1 2 7 6 4 9 8 
6 4 7 1 9 5 3 0 0 
0 9 8 0 0 0 0 6 0 
8 0 0 0 6 0 0 0 3 
4 0 0 8 0 3 0 0 1 
7 0 0 0 2 0 0 0 6 
0 6 0 0 0 0 2 8 0 
0 0 0 4 1 9 0 0 5 
0 0 0 0 8 0 0 7 9 
5 3 1 2 7 6 4 9 8 
6 4 7 1 9 5 3 2 0 
0 9 8 0 0 0 0 6 0 
8 0 0 0 6 0 0 0 3 
4 0 0 8 0 3 0 0 1 
7 0 0 0 2 0 0 0 6 
0 6 0 0 0 0 2 8 0 
0 0 0 4 1 9 0 0 5 
0 0 0 0 8 0 0 7 9 
5 3 1 2 7 6 4 9 8 
6 7 0 1 9 5 0 0 0 
0 9 8 0 0 0 0 6 0 
8 0 0 0 6 0 0 0 3 
4 0 0 8 0 3 0 0 1 
7 0 0 0 2 0 0 0 6 
0 6 0 0 0 0 2 8 0 
0 0 0 4 1 9 0 0 5 
0 0 0 0 8 0 0 7 9 
5 3 1 2 7 6 4 9 8 
6 7 2 1 9 5 0 0 0 
0 9 8 0 0 0 0 6 0 
8 0 0 0 6 0 0 0 3 
4 0 0 8 0 3 0 0 1 
7 0 0 0 2 0 0 0 6 
0 6 0 0 0 0 2 8 0 
0 0 0 4 1 9 0 0 5 
0 0 0 0 8 0 0 7 9 
5 3 1 2 7 6 4 9 8 
6 7 2 1 9 5 0 0 0 
0 9 8 0 0 0 0 6 0 
8 0 0 0 6 0 0 0 3 
4 0 0 8 0 3 0 0 1 
7 0 0 0 2 0 0 0 6 
0 6 0 0 0 0 2 8 0 
0 0 0 4 1 9 0 0 5 
0 0 0 0 8 0 0 7 9 
5 3 1 2 7 6 4 9 8 
6 7 2 1 9 5 0 0 0 
0 9 8 0 0 0 0 6 0 
8 0 0 0 6 0 0 0 3 
4 0 0 8 0 3 0 0 1 
7 0 0 0 2 0 0 0 6 
0 6 0 0 0 0 2 8 0 
0 0 0 4 1 9 0 0 5 
0 0 0 0 8 0 0 7 9 
5 3 1 2 7 6 4 9 8 
6 7 2 1 9 5 0 0 0 
0 9 8 0 0 0 0 6 0 
8 0 0 0 6 0 0 0 3 
4 0 0 8 0 3 0 0 1 
7 0 0 0 2 0 0 0 6 
0 6 0 0 0 0 2 8 0 
0 0 0 4 1 9 0 0 5 
0 0 0 0 8 0 0 7 9 
5 3 1 2 7 6 4 9 8 
6 7 2 1 9 5 3 0 0 
0 9 8 0 0 0 0 6 0 
8 0 0 0 6 0 0 0 3 
4 0 0 8 0 3 0 0 1 
7 0 0 0 2 0 0 0 6 
0 6 0 0 0 0 2 8 0 
0 0 0 4 1 9 0 0 5 
0 0 0 0 8 0 0 7 9 
5 3 1 2 7 6 4 9 8 
6 7 4 1 9 5 0 0 0 
0 9 8 0 0 0 0 6 0 
8 0 0 0 6 0 0 0 3 
4 0 0 8 0 3 0 0 1 
7 0 0 0 2 0 0 0 6 
0 6 0 0 0 0 2 8 0 
0 0 0 4 1 9 0 0 5 
0 0 0 0 8 0 0 7 9 
5 3 1 2 7 6 4 9 8 
6 7 4 1 9 5 0 0 0 
0 9 8 0 0 0 0 6 0 
8 0 0 0 6 0 0 0 3 
4 0 0 8 0 3 0 0 1 
7 0 0 0 2 0 0 0 6 
0 6 0 0 0 0 2 8 0 
0 0 0 4 1 9 0 0 5 
0 0 0 0 8 0 0 7 9 
5 3 1 2 7 6 4 9 8 
6 7 4 1 9 5 0 0 0 
0 9 8 0 0 0 0 6 0 
8 0 0 0 6 0 0 0 3 
4 0 0 8 0 3 0 0 1 
7 0 0 0 2 0 0 0 6 
0 6 0 0 0 0 2 8 0 
0 0 0 4 1 9 0 0 5 
0 0 0 0 8 0 0 7 9 
5 3 1 2 7 6 4 9 8 
6 7 4 1 9 5 0 0 0 
0 9 8 0 0 0 0 6 0 
8 0 0 0 6 0 0 0 3 
4 0 0 8 0 3 0 0 1 
7 0 0 0 2 0 0 0 6 
0 6 0 0 0 0 2 8 0 
0 0 0 4 1 9 0 0 5 
0 0 0 0 8 0 0 7 9 
5 3 1 2 7 6 4 9 8 
6 7 4 1 9 5 3 0 0 
0 9 8 0 0 0 0 6 0 
8 0 0 0 6 0 0 0 3 
4 0 0 8 0 3 0 0 1 
7 0 0 0 2 0 0 0 6 
0 6 0 0 0 0 2 8 0 
0 0 0 4 1 9 0 0 5 
0 0 0 0 8 0 0 7 9 
5 3 1 2 7 6 4 9 8 
6 7 4 1 9 5 3 2 0 
0 9 8 0 0 0 0 6 0 
8 0 0 0 6 0 0 0 3 
4 0 0 8 0 3 0 0 1 
7 0 0 0 2 0 0 0 6 
0 6 0 0 0 0 2 8 0 
0 0 0 4 1 9 0 0 5 
0 0 0 0 8 0 0 7 9 
5 3 1 2 7 6 8 0 0 
6 0 0 1 9 5 0 0 0 
0 9 8 0 0 0 0 6 0 
8 0 0 0 6 0 0 0 3 
4 0 0 8 0 3 0 0 1 
7 0 0 0 2 0 0 0 6 
0 6 0 0 0 0 2 8 0 
0 0 0 4 1 9 0 0 5 
0 0 0 0 8 0 0 7 9 
5 3 1 2 7 6 8 4 0 
6 0 0 1 9 5 0 0 0 
0 9 8 0 0 0 0 6 0 
8 0 0 0 6 0 0 0 3 
4 0 0 8 0 3 0 0 1 
7 0 0 0 2 0 0 0 6 
0 6 0 0 0 0 2 8 0 
0 0 0 4 1 9 0 0 5 
0 0 0 0 8 0 0 7 9 
5 3 1 2 7 6 8 9 0 
6 0 0 1 9 5 0 0 0 
0 9 8 0 0 0 0 6 0 
8 0 0 0 6 0 0 0 3 
4 0 0 8 0 3 0 0 1 
7 0 0 0 2 0 0 0 6 
0 6 0 0 0 0 2 8 0 
0 0 0 4 1 9 0 0 5 
0 0 0 0 8 0 0 7 9 
5 3 1 2 7 6 8 9 4 
6 0 0 1 9 5 0 0 0 
0 9 8 0 0 0 0 6 0 
8 0 0 0 6 0 0 0 3 
4 0 0 8 0 3 0 0 1 
7 0 0 0 2 0 0 0 6 
0 6 0 0 0 0 2 8 0 
0 0 0 4 1 9 0 0 5 
0 0 0 0 8 0 0 7 9 
5 3 1 2 7 6 8 9 4 
6 0 0 1 9 5 0 0 0 
0 9 8 0 0 0 0 6 0 
8 0 0 0 6 0 0 0 3 
4 0 0 8 0 3 0 0 1 
7 0 0 0 2 0 0 0 6 
0 6 0 0 0 0 2 8 0 
0 0 0 4 1 9 0 0 5 
0 0 0 0 8 0 0 7 9 
5 3 1 2 7 6 8 9 4 
6 2 0 1 9 5 0 0 0 
0 9 8 0 0 0 0 6 0 
8 0 0 0 6 0 0 0 3 
4 0 0 8 0 3 0 0 1 
7 0 0 0 2 0 0 0 6 
0 6 0 0 0 0 2 8 0 
0 0 0 4 1 9 0 0 5 
0 0 0 0 8 0 0 7 9 
5 3 1 2 7 6 8 9 4 
6 2 4 1 9 5 0 0 0 
0 9 8 0 0 0 0 6 0 
8 0 0 0 6 0 0 0 3 
4 0 0 8 0 3 0 0 1 
7 0 0 0 2 0 0 0 6 
0 6 0 0 0 0 2 8 0 
0 0 0 4 1 9 0 0 5 
0 0 0 0 8 0 0 7 9 
5 3 1 2 7 6 8 9 4 
6 2 4 1 9 5 0 0 0 
0 9 8 0 0 0 0 6 0 
8 0 0 0 6 0 0 0 3 
4 0 0 8 0 3 0 0 1 
7 0 0 0 2 0 0 0 6 
0 6 0 0 0 0 2 8 0 
0 0 0 4 1 9 0 0 5 
0 0 0 0 8 0 0 7 9 
5 3 1 2 7 6 8 9 4 
6 2 4 1 9 5 0 0 0 
0 9 8 0 0 0 0 6 0 
8 0 0 0 6 0 0 0 3 
4 0 0 8 0 3 0 0 1 
7 0 0 0 2 0 0 0 6 
0 6 0 0 0 0 2 8 0 
0 0 0 4 1 9 0 0 5 
0 0 0 0 8 0 0 7 9 
5 3 1 2 7 6 8 9 4 
6 2 4 1 9 5 0 0 0 
0 9 8 0 0 0 0 6 0 
8 0 0 0 6 0 0 0 3 
4 0 0 8 0 3 0 0 1 
7 0 0 0 2 0 0 0 6 
0 6 0 0 0 0 2 8 0 
0 0 0 4 1 9 0 0 5 
0 0 0 0 8 0 0 7 9 
5 3 1 2 7 6 8 9 4 
6 2 4 1 9 5 3 0 0 
0 9 8 0 0 0 0 6 0 
8 0 0 0 6 0 0 0 3 
4 0 0 8 0 3 0 0 1 
7 0 0 0 2 0 0 0 6 
0 6 0 0 0 0 2 8 0 
0 0 0 4 1 9 0 0 5 
0 0 0 0 8 0 0 7 9 
5 3 1 2 7 6 8 9 4 
6 2 4 1 9 5 7 0 0 
0 9 8 0 0 0 0 6 0 
8 0 0 0 6 0 0 0 3 
4 0 0 8 0 3 0 0 1 
7 0 0 0 2 0 0 0 6 
0 6 0 0 0 0 2 8 0 
0 0 0 4 1 9 0 0 5 
0 0 0 0 8 0 0 7 9 
5 3 1 2 7 6 8 9 4 
6 2 4 1 9 5 7 3 0 
0 9 8 0 0 0 0 6 0 
8 0 0 0 6 0 0 0 3 
4 0 0 8 0 3 0 0 1 
7 0 0 0 2 0 0 0 6 
0 6 0 0 0 0 2 8 0 
0 0 0 4 1 9 0 0 5 
0 0 0 0 8 0 0 7 9 
5 3 1 2 7 6 8 9 4 
6 2 7 1 9 5 0 0 0 
0 9 8 0 0 0 0 6 0 
8 0 0 0 6 0 0 0 3 
4 0 0 8 0 3 0 0 1 
7 0 0 0 2 0 0 0 6 
0 6 0 0 0 0 2 8 0 
0 0 0 4 1 9 0 0 5 
0 0 0 0 8 0 0 7 9 
5 3 1 2 7 6 8 9 4 
6 2 7 1 9 5 0 0 0 
0 9 8 0 0 0 0 6 0 
8 0 0 0 6 0 0 0 3 
4 0 0 8 0 3 0 0 1 
7 0 0 0 2 0 0 0 6 
0 6 0 0 0 0 2 8 0 
0 0 0 4 1 9 0 0 5 
0 0 0 0 8 0 0 7 9 
5 3 1 2 7 6 8 9 4 
6 2 7 1 9 5 0 0 0 
0 9 8 0 0 0 0 6 0 
8 0 0 0 6 0 0 0 3 
4 0 0 8 0 3 0 0 1 
7 0 0 0 2 0 0 0 6 
0 6 0 0 0 0 2 8 0 
0 0 0 4 1 9 0 0 5 
0 0 0 0 8 0 0 7 9 
5 3 1 2 7 6 8 9 4 
6 2 7 1 9 5 0 0 0 
0 9 8 0 0 0 0 6 0 
8 0 0 0 6 0 0 0 3 
4 0 0 8 0 3 0 0 1 
7 0 0 0 2 0 0 0 6 
0 6 0 0 0 0 2 8 0 
0 0 0 4 1 9 0 0 5 
0 0 0 0 8 0 0 7 9 
5 3 1 2 7 6 8 9 4 
6 2 7 1 9 5 3 0 0 
0 9 8 0 0 0 0 6 0 
8 0 0 0 6 0 0 0 3 
4 0 0 8 0 3 0 0 1 
7 0 0 0 2 0 0 0 6 
0 6 0 0 0 0 2 8 0 
0 0 0 4 1 9 0 0 5 
0 0 0 0 8 0 0 7 9 
5 3 1 2 7 6 8 9 4 
6 4 0 1 9 5 0 0 0 
0 9 8 0 0 0 0 6 0 
8 0 0 0 6 0 0 0 3 
4 0 0 8 0 3 0 0 1 
7 0 0 0 2 0 0 0 6 
0 6 0 0 0 0 2 8 0 
0 0 0 4 1 9 0 0 5 
0 0 0 0 8 0 0 7 9 
5 3 1 2 7 6 8 9 4 
6 4 2 1 9 5 0 0 0 
0 9 8 0 0 0 0 6 0 
8 0 0 0 6 0 0 0 3 
4 0 0 8 0 3 0 0 1 
7 0 0 0 2 0 0 0 6 
0 6 0 0 0 0 2 8 0 
0 0 0 4 1 9 0 0 5 
0 0 0 0 8 0 0 7 9 
5 3 1 2 7 6 8 9 4 
6 4 2 1 9 5 0 0 0 
0 9 8 0 0 0 0 6 0 
8 0 0 0 6 0 0 0 3 
4 0 0 8 0 3 0 0 1 
7 0 0 0 2 0 0 0 6 
0 6 0 0 0 0 2 8 0 
0 0 0 4 1 9 0 0 5 
0 0 0 0 8 0 0 7 9 
5 3 1 2 7 6 8 9 4 
6 4 2 1 9 5 0 0 0 
0 9 8 0 0 0 0 6 0 
8 0 0 0 6 0 0 0 3 
4 0 0 8 0 3 0 0 1 
7 0 0 0 2 0 0 0 6 
0 6 0 0 0 0 2 8 0 
0 0 0 4 1 9 0 0 5 
0 0 0 0 8 0 0 7 9 
5 3 1 2 7 6 8 9 4 
6 4 2 1 9 5 0 0 0 
0 9 8 0 0 0 0 6 0 
8 0 0 0 6 0 0 0 3 
4 0 0 8 0 3 0 0 1 
7 0 0 0 2 0 0 0 6 
0 6 0 0 0 0 2 8 0 
0 0 0 4 1 9 0 0 5 
0 0 0 0 8 0 0 7 9 
5 3 1 2 7 6 8 9 4 
6 4 2 1 9 5 3 0 0 
0 9 8 0 0 0 0 6 0 
8 0 0 0 6 0 0 0 3 
4 0 0 8 0 3 0 0 1 
7 0 0 0 2 0 0 0 6 
0 6 0 0 0 0 2 8 0 
0 0 0 4 1 9 0 0 5 
0 0 0 0 8 0 0 7 9 
5 3 1 2 7 6 8 9 4 
6 4 2 1 9 5 7 0 0 
0 9 8 0 0 0 0 6 0 
8 0 0 0 6 0 0 0 3 
4 0 0 8 0 3 0 0 1 
7 0 0 0 2 0 0 0 6 
0 6 0 0 0 0 2 8 0 
0 0 0 4 1 9 0 0 5 
0 0 0 0 8 0 0 7 9 
5 3 1 2 7 6 8 9 4 
6 4 2 1 9 5 7 3 0 
0 9 8 0 0 0 0 6 0 
8 0 0 0 6 0 0 0 3 
4 0 0 8 0 3 0 0 1 
7 0 0 0 2 0 0 0 6 
0 6 0 0 0 0 2 8 0 
0 0 0 4 1 9 0 0 5 
0 0 0 0 8 0 0 7 9 
5 3 1 2 7 6 8 9 4 
6 4 7 1 9 5 0 0 0 
0 9 8 0 0 0 0 6 0 
8 0 0 0 6 0 0 0 3 
4 0 0 8 0 3 0 0 1 
7 0 0 0 2 0 0 0 6 
0 6 0 0 0 0 2 8 0 
0 0 0 4 1 9 0 0 5 
0 0 0 0 8 0 0 7 9 
5 3 1 2 7 6 8 9 4 
6 4 7 1 9 5 0 0 0 
0 9 8 0 0 0 0 6 0 
8 0 0 0 6 0 0 0 3 
4 0 0 8 0 3 0 0 1 
7 0 0 0 2 0 0 0 6 
0 6 0 0 0 0 2 8 0 
0 0 0 4 1 9 0 0 5 
0 0 0 0 8 0 0 7 9 
5 3 1 2 7 6 8 9 4 
6 4 7 1 9 5 0 0 0 
0 9 8 0 0 0 0 6 0 
8 0 0 0 6 0 0 0 3 
4 0 0 8 0 3 0 0 1 
7 0 0 0 2 0 0 0 6 
0 6 0 0 0 0 2 8 0 
0 0 0 4 1 9 0 0 5 
0 0 0 0 8 0 0 7 9 
5 3 1 2 7 6 8 9 4 
6 4 7 1 9 5 0 0 0 
0 9 8 0 0 0 0 6 0 
8 0 0 0 6 0 0 0 3 
4 0 0 8 0 3 0 0 1 
7 0 0 0 2 0 0 0 6 
0 6 0 0 0 0 2 8 0 
0 0 0 4 1 9 0 0 5 
0 0 0 0 8 0 0 7 9 
5 3 1 2 7 6 8 9 4 
6 4 7 1 9 5 3 0 0 
0 9 8 0 0 0 0 6 0 
8 0 0 0 6 0 0 0 3 
4 0 0 8 0 3 0 0 1 
7 0 0 0 2 0 0 0 6 
0 6 0 0 0 0 2 8 0 
0 0 0 4 1 9 0 0 5 
0 0 0 0 8 0 0 7 9 
5 3 1 2 7 6 8 9 4 
6 4 7 1 9 5 3 2 0 
0 9 8 0 0 0 0 6 0 
8 0 0 0 6 0 0 0 3 
4 0 0 8 0 3 0 0 1 
7 0 0 0 2 0 0 0 6 
0 6 0 0 0 0 2 8 0 
0 0 0 4 1 9 0 0 5 
0 0 0 0 8 0 0 7 9 
5 3 1 2 7 6 8 9 4 
6 7 0 1 9 5 0 0 0 
0 9 8 0 0 0 0 6 0 
8 0 0 0 6 0 0 0 3 
4 0 0 8 0 3 0 0 1 
7 0 0 0 2 0 0 0 6 
0 6 0 0 0 0 2 8 0 
0 0 0 4 1 9 0 0 5 
0 0 0 0 8 0 0 7 9 
5 3 1 2 7 6 8 9 4 
6 7 2 1 9 5 0 0 0 
0 9 8 0 0 0 0 6 0 
8 0 0 0 6 0 0 0 3 
4 0 0 8 0 3 0 0 1 
7 0 0 0 2 0 0 0 6 
0 6 0 0 0 0 2 8 0 
0 0 0 4 1 9 0 0 5 
0 0 0 0 8 0 0 7 9 
5 3 1 2 7 6 8 9 4 
6 7 2 1 9 5 0 0 0 
0 9 8 0 0 0 0 6 0 
8 0 0 0 6 0 0 0 3 
4 0 0 8 0 3 0 0 1 
7 0 0 0 2 0 0 0 6 
0 6 0 0 0 0 2 8 0 
0 0 0 4 1 9 0 0 5 
0 0 0 0 8 0 0 7 9 
5 3 1 2 7 6 8 9 4 
6 7 2 1 9 5 0 0 0 
0 9 8 0 0 0 0 6 0 
8 0 0 0 6 0 0 0 3 
4 0 0 8 0 3 0 0 1 
7 0 0 0 2 0 0 0 6 
0 6 0 0 0 0 2 8 0 
0 0 0 4 1 9 0 0 5 
0 0 0 0 8 0 0 7 9 
5 3 1 2 7 6 8 9 4 
6 7 2 1 9 5 0 0 0 
0 9 8 0 0 0 0 6 0 
8 0 0 0 6 0 0 0 3 
4 0 0 8 0 3 0 0 1 
7 0 0 0 2 0 0 0 6 
0 6 0 0 0 0 2 8 0 
0 0 0 4 1 9 0 0 5 
0 0 0 0 8 0 0 7 9 
5 3 1 2 7 6 8 9 4 
6 7 2 1 9 5 3 0 0 
0 9 8 0 0 0 0 6 0 
8 0 0 0 6 0 0 0 3 
4 0 0 8 0 3 0 0 1 
7 0 0 0 2 0 0 0 6 
0 6 0 0 0 0 2 8 0 
0 0 0 4 1 9 0 0 5 
0 0 0 0 8 0 0 7 9 
5 3 1 2 7 6 8 9 4 
6 7 4 1 9 5 0 0 0 
0 9 8 0 0 0 0 6 0 
8 0 0 0 6 0 0 0 3 
4 0 0 8 0 3 0 0 1 
7 0 0 0 2 0 0 0 6 
0 6 0 0 0 0 2 8 0 
0 0 0 4 1 9 0 0 5 
0 0 0 0 8 0 0 7 9 
5 3 1 2 7 6 8 9 4 
6 7 4 1 9 5 0 0 0 
0 9 8 0 0 0 0 6 0 
8 0 0 0 6 0 0 0 3 
4 0 0 8 0 3 0 0 1 
7 0 0 0 2 0 0 0 6 
0 6 0 0 0 0 2 8 0 
0 0 0 4 1 9 0 0 5 
0 0 0 0 8 0 0 7 9 
5 3 1 2 7 6 8 9 4 
6 7 4 1 9 5 0 0 0 
0 9 8 0 0 0 0 6 0 
8 0 0 0 6 0 0 0 3 
4 0 0 8 0 3 0 0 1 
7 0 0 0 2 0 0 0 6 
0 6 0 0 0 0 2 8 0 
0 0 0 4 1 9 0 0 5 
0 0 0 0 8 0 0 7 9 
5 3 1 2 7 6 8 9 4 
6 7 4 1 9 5 0 0 0 
0 9 8 0 0 0 0 6 0 
8 0 0 0 6 0 0 0 3 
4 0 0 8 0 3 0 0 1 
7 0 0 0 2 0 0 0 6 
0 6 0 0 0 0 2 8 0 
0 0 0 4 1 9 0 0 5 
0 0 0 0 8 0 0 7 9 
5 3 1 2 7 6 8 9 4 
6 7 4 1 9 5 3 0 0 
0 9 8 0 0 0 0 6 0 
8 0 0 0 6 0 0 0 3 
4 0 0 8 0 3 0 0 1 
7 0 0 0 2 0 0 0 6 
0 6 0 0 0 0 2 8 0 
0 0 0 4 1 9 0 0 5 
0 0 0 0 8 0 0 7 9 
5 3 1 2 7 6 8 9 4 
6 7 4 1 9 5 3 2 0 
0 9 8 0 0 0 0 6 0 
8 0 0 0 6 0 0 0 3 
4 0 0 8 0 3 0 0 1 
7 0 0 0 2 0 0 0 6 
0 6 0 0 0 0 2 8 0 
0 0 0 4 1 9 0 0 5 
0 0 0 0 8 0 0 7 9 
5 3 1 2 7 6 9 0 0 
6 0 0 1 9 5 0 0 0 
0 9 8 0 0 0 0 6 0 
8 0 0 0 6 0 0 0 3 
4 0 0 8 0 3 0 0 1 
7 0 0 0 2 0 0 0 6 
0 6 0 0 0 0 2 8 0 
0 0 0 4 1 9 0 0 5 
0 0 0 0 8 0 0 7 9 
5 3 1 2 7 6 9 4 0 
6 0 0 1 9 5 0 0 0 
0 9 8 0 0 0 0 6 0 
8 0 0 0 6 0 0 0 3 
4 0 0 8 0 3 0 0 1 
7 0 0 0 2 0 0 0 6 
0 6 0 0 0 0 2 8 0 
0 0 0 4 1 9 0 0 5 
0 0 0 0 8 0 0 7 9 
5 3 1 2 7 6 9 4 8 
6 0 0 1 9 5 0 0 0 
0 9 8 0 0 0 0 6 0 
8 0 0 0 6 0 0 0 3 
4 0 0 8 0 3 0 0 1 
7 0 0 0 2 0 0 0 6 
0 6 0 0 0 0 2 8 0 
0 0 0 4 1 9 0 0 5 
0 0 0 0 8 0 0 7 9 
5 3 1 2 7 6 9 4 8 
6 0 0 1 9 5 0 0 0 
0 9 8 0 0 0 0 6 0 
8 0 0 0 6 0 0 0 3 
4 0 0 8 0 3 0 0 1 
7 0 0 0 2 0 0 0 6 
0 6 0 0 0 0 2 8 0 
0 0 0 4 1 9 0 0 5 
0 0 0 0 8 0 0 7 9 
5 3 1 2 7 6 9 4 8 
6 2 0 1 9 5 0 0 0 
0 9 8 0 0 0 0 6 0 
8 0 0 0 6 0 0 0 3 
4 0 0 8 0 3 0 0 1 
7 0 0 0 2 0 0 0 6 
0 6 0 0 0 0 2 8 0 
0 0 0 4 1 9 0 0 5 
0 0 0 0 8 0 0 7 9 
5 3 1 2 7 6 9 4 8 
6 2 4 1 9 5 0 0 0 
0 9 8 0 0 0 0 6 0 
8 0 0 0 6 0 0 0 3 
4 0 0 8 0 3 0 0 1 
7 0 0 0 2 0 0 0 6 
0 6 0 0 0 0 2 8 0 
0 0 0 4 1 9 0 0 5 
0 0 0 0 8 0 0 7 9 
5 3 1 2 7 6 9 4 8 
6 2 4 1 9 5 0 0 0 
0 9 8 0 0 0 0 6 0 
8 0 0 0 6 0 0 0 3 
4 0 0 8 0 3 0 0 1 
7 0 0 0 2 0 0 0 6 
0 6 0 0 0 0 2 8 0 
0 0 0 4 1 9 0 0 5 
0 0 0 0 8 0 0 7 9 
5 3 1 2 7 6 9 4 8 
6 2 4 1 9 5 0 0 0 
0 9 8 0 0 0 0 6 0 
8 0 0 0 6 0 0 0 3 
4 0 0 8 0 3 0 0 1 
7 0 0 0 2 0 0 0 6 
0 6 0 0 0 0 2 8 0 
0 0 0 4 1 9 0 0 5 
0 0 0 0 8 0 0 7 9 
5 3 1 2 7 6 9 4 8 
6 2 4 1 9 5 0 0 0 
0 9 8 0 0 0 0 6 0 
8 0 0 0 6 0 0 0 3 
4 0 0 8 0 3 0 0 1 
7 0 0 0 2 0 0 0 6 
0 6 0 0 0 0 2 8 0 
0 0 0 4 1 9 0 0 5 
0 0 0 0 8 0 0 7 9 
5 3 1 2 7 6 9 4 8 
6 2 4 1 9 5 3 0 0 
0 9 8 0 0 0 0 6 0 
8 0 0 0 6 0 0 0 3 
4 0 0 8 0 3 0 0 1 
7 0 0 0 2 0 0 0 6 
0 6 0 0 0 0 2 8 0 
0 0 0 4 1 9 0 0 5 
0 0 0 0 8 0 0 7 9 
5 3 1 2 7 6 9 4 8 
6 2 4 1 9 5 7 0 0 
0 9 8 0 0 0 0 6 0 
8 0 0 0 6 0 0 0 3 
4 0 0 8 0 3 0 0 1 
7 0 0 0 2 0 0 0 6 
0 6 0 0 0 0 2 8 0 
0 0 0 4 1 9 0 0 5 
0 0 0 0 8 0 0 7 9 
5 3 1 2 7 6 9 4 8 
6 2 4 1 9 5 7 3 0 
0 9 8 0 0 0 0 6 0 
8 0 0 0 6 0 0 0 3 
4 0 0 8 0 3 0 0 1 
7 0 0 0 2 0 0 0 6 
0 6 0 0 0 0 2 8 0 
0 0 0 4 1 9 0 0 5 
0 0 0 0 8 0 0 7 9 
5 3 1 2 7 6 9 4 8 
6 2 7 1 9 5 0 0 0 
0 9 8 0 0 0 0 6 0 
8 0 0 0 6 0 0 0 3 
4 0 0 8 0 3 0 0 1 
7 0 0 0 2 0 0 0 6 
0 6 0 0 0 0 2 8 0 
0 0 0 4 1 9 0 0 5 
0 0 0 0 8 0 0 7 9 
5 3 1 2 7 6 9 4 8 
6 2 7 1 9 5 0 0 0 
0 9 8 0 0 0 0 6 0 
8 0 0 0 6 0 0 0 3 
4 0 0 8 0 3 0 0 1 
7 0 0 0 2 0 0 0 6 
0 6 0 0 0 0 2 8 0 
0 0 0 4 1 9 0 0 5 
0 0 0 0 8 0 0 7 9 
5 3 1 2 7 6 9 4 8 
6 2 7 1 9 5 0 0 0 
0 9 8 0 0 0 0 6 0 
8 0 0 0 6 0 0 0 3 
4 0 0 8 0 3 0 0 1 
7 0 0 0 2 0 0 0 6 
0 6 0 0 0 0 2 8 0 
0 0 0 4 1 9 0 0 5 
0 0 0 0 8 0 0 7 9 
5 3 1 2 7 6 9 4 8 
6 2 7 1 9 5 0 0 0 
0 9 8 0 0 0 0 6 0 
8 0 0 0 6 0 0 0 3 
4 0 0 8 0 3 0 0 1 
7 0 0 0 2 0 0 0 6 
0 6 0 0 0 0 2 8 0 
0 0 0 4 1 9 0 0 5 
0 0 0 0 8 0 0 7 9 
5 3 1 2 7 6 9 4 8 
6 2 7 1 9 5 3 0 0 
0 9 8 0 0 0 0 6 0 
8 0 0 0 6 0 0 0 3 
4 0 0 8 0 3 0 0 1 
7 0 0 0 2 0 0 0 6 
0 6 0 0 0 0 2 8 0 
0 0 0 4 1 9 0 0 5 
0 0 0 0 8 0 0 7 9 
5 3 1 2 7 6 9 4 8 
6 4 0 1 9 5 0 0 0 
0 9 8 0 0 0 0 6 0 
8 0 0 0 6 0 0 0 3 
4 0 0 8 0 3 0 0 1 
7 0 0 0 2 0 0 0 6 
0 6 0 0 0 0 2 8 0 
0 0 0 4 1 9 0 0 5 
0 0 0 0 8 0 0 7 9 
5 3 1 2 7 6 9 4 8 
6 4 2 1 9 5 0 0 0 
0 9 8 0 0 0 0 6 0 
8 0 0 0 6 0 0 0 3 
4 0 0 8 0 3 0 0 1 
7 0 0 0 2 0 0 0 6 
0 6 0 0 0 0 2 8 0 
0 0 0 4 1 9 0 0 5 
0 0 0 0 8 0 0 7 9 
5 3 1 2 7 6 9 4 8 
6 4 2 1 9 5 0 0 0 
0 9 8 0 0 0 0 6 0 
8 0 0 0 6 0 0 0 3 
4 0 0 8 0 3 0 0 1 
7 0 0 0 2 0 0 0 6 
0 6 0 0 0 0 2 8 0 
0 0 0 4 1 9 0 0 5 
0 0 0 0 8 0 0 7 9 
5 3 1 2 7 6 9 4 8 
6 4 2 1 9 5 0 0 0 
0 9 8 0 0 0 0 6 0 
8 0 0 0 6 0 0 0 3 
4 0 0 8 0 3 0 0 1 
7 0 0 0 2 0 0 0 6 
0 6 0 0 0 0 2 8 0 
0 0 0 4 1 9 0 0 5 
0 0 0 0 8 0 0 7 9 
5 3 1 2 7 6 9 4 8 
6 4 2 1 9 5 0 0 0 
0 9 8 0 0 0 0 6 0 
8 0 0 0 6 0 0 0 3 
4 0 0 8 0 3 0 0 1 
7 0 0 0 2 0 0 0 6 
0 6 0 0 0 0 2 8 0 
0 0 0 4 1 9 0 0 5 
0 0 0 0 8 0 0 7 9 
5 3 1 2 7 6 9 4 8 
6 4 2 1 9 5 3 0 0 
0 9 8 0 0 0 0 6 0 
8 0 0 0 6 0 0 0 3 
4 0 0 8 0 3 0 0 1 
7 0 0 0 2 0 0 0 6 
0 6 0 0 0 0 2 8 0 
0 0 0 4 1 9 0 0 5 
0 0 0 0 8 0 0 7 9 
5 3 1 2 7 6 9 4 8 
6 4 2 1 9 5 7 0 0 
0 9 8 0 0 0 0 6 0 
8 0 0 0 6 0 0 0 3 
4 0 0 8 0 3 0 0 1 
7 0 0 0 2 0 0 0 6 
0 6 0 0 0 0 2 8 0 
0 0 0 4 1 9 0 0 5 
0 0 0 0 8 0 0 7 9 
5 3 1 2 7 6 9 4 8 
6 4 2 1 9 5 7 3 0 
0 9 8 0 0 0 0 6 0 
8 0 0 0 6 0 0 0 3 
4 0 0 8 0 3 0 0 1 
7 0 0 0 2 0 0 0 6 
0 6 0 0 0 0 2 8 0 
0 0 0 4 1 9 0 0 5 
0 0 0 0 8 0 0 7 9 
5 3 1 2 7 6 9 4 8 
6 4 7 1 9 5 0 0 0 
0 9 8 0 0 0 0 6 0 
8 0 0 0 6 0 0 0 3 
4 0 0 8 0 3 0 0 1 
7 0 0 0 2 0 0 0 6 
0 6 0 0 0 0 2 8 0 
0 0 0 4 1 9 0 0 5 
0 0 0 0 8 0 0 7 9 
5 3 1 2 7 6 9 4 8 
6 4 7 1 9 5 0 0 0 
0 9 8 0 0 0 0 6 0 
8 0 0 0 6 0 0 0 3 
4 0 0 8 0 3 0 0 1 
7 0 0 0 2 0 0 0 6 
0 6 0 0 0 0 2 8 0 
0 0 0 4 1 9 0 0 5 
0 0 0 0 8 0 0 7 9 
5 3 1 2 7 6 9 4 8 
6 4 7 1 9 5 0 0 0 
0 9 8 0 0 0 0 6 0 
8 0 0 0 6 0 0 0 3 
4 0 0 8 0 3 0 0 1 
7 0 0 0 2 0 0 0 6 
0 6 0 0 0 0 2 8 0 
0 0 0 4 1 9 0 0 5 
0 0 0 0 8 0 0 7 9 
5 3 1 2 7 6 9 4 8 
6 4 7 1 9 5 0 0 0 
0 9 8 0 0 0 0 6 0 
8 0 0 0 6 0 0 0 3 
4 0 0 8 0 3 0 0 1 
7 0 0 0 2 0 0 0 6 
0 6 0 0 0 0 2 8 0 
0 0 0 4 1 9 0 0 5 
0 0 0 0 8 0 0 7 9 
5 3 1 2 7 6 9 4 8 
6 4 7 1 9 5 3 0 0 
0 9 8 0 0 0 0 6 0 
8 0 0 0 6 0 0 0 3 
4 0 0 8 0 3 0 0 1 
7 0 0 0 2 0 0 0 6 
0 6 0 0 0 0 2 8 0 
0 0 0 4 1 9 0 0 5 
0 0 0 0 8 0 0 7 9 
5 3 1 2 7 6 9 4 8 
6 4 7 1 9 5 3 2 0 
0 9 8 0 0 0 0 6 0 
8 0 0 0 6 0 0 0 3 
4 0 0 8 0 3 0 0 1 
7 0 0 0 2 0 0 0 6 
0 6 0 0 0 0 2 8 0 
0 0 0 4 1 9 0 0 5 
0 0 0 0 8 0 0 7 9 
5 3 1 2 7 6 9 4 8 
6 7 0 1 9 5 0 0 0 
0 9 8 0 0 0 0 6 0 
8 0 0 0 6 0 0 0 3 
4 0 0 8 0 3 0 0 1 
7 0 0 0 2 0 0 0 6 
0 6 0 0 0 0 2 8 0 
0 0 0 4 1 9 0 0 5 
0 0 0 0 8 0 0 7 9 
5 3 1 2 7 6 9 4 8 
6 7 2 1 9 5 0 0 0 
0 9 8 0 0 0 0 6 0 
8 0 0 0 6 0 0 0 3 
4 0 0 8 0 3 0 0 1 
7 0 0 0 2 0 0 0 6 
0 6 0 0 0 0 2 8 0 
0 0 0 4 1 9 0 0 5 
0 0 0 0 8 0 0 7 9 
5 3 1 2 7 6 9 4 8 
6 7 2 1 9 5 0 0 0 
0 9 8 0 0 0 0 6 0 
8 0 0 0 6 0 0 0 3 
4 0 0 8 0 3 0 0 1 
7 0 0 0 2 0 0 0 6 
0 6 0 0 0 0 2 8 0 
0 0 0 4 1 9 0 0 5 
0 0 0 0 8 0 0 7 9 
5 3 1 2 7 6 9 4 8 
6 7 2 1 9 5 0 0 0 
0 9 8 0 0 0 0 6 0 
8 0 0 0 6 0 0 0 3 
4 0 0 8 0 3 0 0 1 
7 0 0 0 2 0 0 0 6 
0 6 0 0 0 0 2 8 0 
0 0 0 4 1 9 0 0 5 
0 0 0 0 8 0 0 7 9 
5 3 1 2 7 6 9 4 8 
6 7 2 1 9 5 0 0 0 
0 9 8 0 0 0 0 6 0 
8 0 0 0 6 0 0 0 3 
4 0 0 8 0 3 0 0 1 
7 0 0 0 2 0 0 0 6 
0 6 0 0 0 0 2 8 0 
0 0 0 4 1 9 0 0 5 
0 0 0 0 8 0 0 7 9 
5 3 1 2 7 6 9 4 8 
6 7 2 1 9 5 3 0 0 
0 9 8 0 0 0 0 6 0 
8 0 0 0 6 0 0 0 3 
4 0 0 8 0 3 0 0 1 
7 0 0 0 2 0 0 0 6 
0 6 0 0 0 0 2 8 0 
0 0 0 4 1 9 0 0 5 
0 0 0 0 8 0 0 7 9 
5 3 1 2 7 6 9 4 8 
6 7 4 1 9 5 0 0 0 
0 9 8 0 0 0 0 6 0 
8 0 0 0 6 0 0 0 3 
4 0 0 8 0 3 0 0 1 
7 0 0 0 2 0 0 0 6 
0 6 0 0 0 0 2 8 0 
0 0 0 4 1 9 0 0 5 
0 0 0 0 8 0 0 7 9 
5 3 1 2 7 6 9 4 8 
6 7 4 1 9 5 0 0 0 
0 9 8 0 0 0 0 6 0 
8 0 0 0 6 0 0 0 3 
4 0 0 8 0 3 0 0 1 
7 0 0 0 2 0 0 0 6 
0 6 0 0 0 0 2 8 0 
0 0 0 4 1 9 0 0 5 
0 0 0 0 8 0 0 7 9 
5 3 1 2 7 6 9 4 8 
6 7 4 1 9 5 0 0 0 
0 9 8 0 0 0 0 6 0 
8 0 0 0 6 0 0 0 3 
4 0 0 8 0 3 0 0 1 
7 0 0 0 2 0 0 0 6 
0 6 0 0 0 0 2 8 0 
0 0 0 4 1 9 0 0 5 
0 0 0 0 8 0 0 7 9 
5 3 1 2 7 6 9 4 8 
6 7 4 1 9 5 0 0 0 
0 9 8 0 0 0 0 6 0 
8 0 0 0 6 0 0 0 3 
4 0 0 8 0 3 0 0 1 
7 0 0 0 2 0 0 0 6 
0 6 0 0 0 0 2 8 0 
0 0 0 4 1 9 0 0 5 
0 0 0 0 8 0 0 7 9 
5 3 1 2 7 6 9 4 8 
6 7 4 1 9 5 3 0 0 
0 9 8 0 0 0 0 6 0 
8 0 0 0 6 0 0 0 3 
4 0 0 8 0 3 0 0 1 
7 0 0 0 2 0 0 0 6 
0 6 0 0 0 0 2 8 0 
0 0 0 4 1 9 0 0 5 
0 0 0 0 8 0 0 7 9 
5 3 1 2 7 6 9 4 8 
6 7 4 1 9 5 3 2 0 
0 9 8 0 0 0 0 6 0 
8 0 0 0 6 0 0 0 3 
4 0 0 8 0 3 0 0 1 
7 0 0 0 2 0 0 0 6 
0 6 0 0 0 0 2 8 0 
0 0 0 4 1 9 0 0 5 
0 0 0 0 8 0 0 7 9 
5 3 1 2 7 8 0 0 0 
6 0 0 1 9 5 0 0 0 
0 9 8 0 0 0 0 6 0 
8 0 0 0 6 0 0 0 3 
4 0 0 8 0 3 0 0 1 
7 0 0 0 2 0 0 0 6 
0 6 0 0 0 0 2 8 0 
0 0 0 4 1 9 0 0 5 
0 0 0 0 8 0 0 7 9 
5 3 1 2 7 8 4 0 0 
6 0 0 1 9 5 0 0 0 
0 9 8 0 0 0 0 6 0 
8 0 0 0 6 0 0 0 3 
4 0 0 8 0 3 0 0 1 
7 0 0 0 2 0 0 0 6 
0 6 0 0 0 0 2 8 0 
0 0 0 4 1 9 0 0 5 
0 0 0 0 8 0 0 7 9 
5 3 1 2 7 8 4 9 0 
6 0 0 1 9 5 0 0 0 
0 9 8 0 0 0 0 6 0 
8 0 0 0 6 0 0 0 3 
4 0 0 8 0 3 0 0 1 
7 0 0 0 2 0 0 0 6 
0 6 0 0 0 0 2 8 0 
0 0 0 4 1 9 0 0 5 
0 0 0 0 8 0 0 7 9 
5 3 1 2 7 8 9 0 0 
6 0 0 1 9 5 0 0 0 
0 9 8 0 0 0 0 6 0 
8 0 0 0 6 0 0 0 3 
4 0 0 8 0 3 0 0 1 
7 0 0 0 2 0 0 0 6 
0 6 0 0 0 0 2 8 0 
0 0 0 4 1 9 0 0 5 
0 0 0 0 8 0 0 7 9 
5 3 1 2 7 8 9 4 0 
6 0 0 1 9 5 0 0 0 
0 9 8 0 0 0 0 6 0 
8 0 0 0 6 0 0 0 3 
4 0 0 8 0 3 0 0 1 
7 0 0 0 2 0 0 0 6 
0 6 0 0 0 0 2 8 0 
0 0 0 4 1 9 0 0 5 
0 0 0 0 8 0 0 7 9 
5 3 1 6 7 0 0 0 0 
6 0 0 1 9 5 0 0 0 
0 9 8 0 0 0 0 6 0 
8 0 0 0 6 0 0 0 3 
4 0 0 8 0 3 0 0 1 
7 0 0 0 2 0 0 0 6 
0 6 0 0 0 0 2 8 0 
0 0 0 4 1 9 0 0 5 
0 0 0 0 8 0 0 7 9 
5 3 1 6 7 0 0 0 0 
6 0 0 1 9 5 0 0 0 
0 9 8 0 0 0 0 6 0 
8 0 0 0 6 0 0 0 3 
4 0 0 8 0 3 0 0 1 
7 0 0 0 2 0 0 0 6 
0 6 0 0 0 0 2 8 0 
0 0 0 4 1 9 0 0 5 
0 0 0 0 8 0 0 7 9 
5 3 1 6 7 2 0 0 0 
6 0 0 1 9 5 0 0 0 
0 9 8 0 0 0 0 6 0 
8 0 0 0 6 0 0 0 3 
4 0 0 8 0 3 0 0 1 
7 0 0 0 2 0 0 0 6 
0 6 0 0 0 0 2 8 0 
0 0 0 4 1 9 0 0 5 
0 0 0 0 8 0 0 7 9 
5 3 1 6 7 2 4 0 0 
6 0 0 1 9 5 0 0 0 
0 9 8 0 0 0 0 6 0 
8 0 0 0 6 0 0 0 3 
4 0 0 8 0 3 0 0 1 
7 0 0 0 2 0 0 0 6 
0 6 0 0 0 0 2 8 0 
0 0 0 4 1 9 0 0 5 
0 0 0 0 8 0 0 7 9 
5 3 1 6 7 2 4 9 0 
6 0 0 1 9 5 0 0 0 
0 9 8 0 0 0 0 6 0 
8 0 0 0 6 0 0 0 3 
4 0 0 8 0 3 0 0 1 
7 0 0 0 2 0 0 0 6 
0 6 0 0 0 0 2 8 0 
0 0 0 4 1 9 0 0 5 
0 0 0 0 8 0 0 7 9 
5 3 1 6 7 2 4 9 8 
6 0 0 1 9 5 0 0 0 
0 9 8 0 0 0 0 6 0 
8 0 0 0 6 0 0 0 3 
4 0 0 8 0 3 0 0 1 
7 0 0 0 2 0 0 0 6 
0 6 0 0 0 0 2 8 0 
0 0 0 4 1 9 0 0 5 
0 0 0 0 8 0 0 7 9 
5 3 1 6 7 2 4 9 8 
6 0 0 1 9 5 0 0 0 
0 9 8 0 0 0 0 6 0 
8 0 0 0 6 0 0 0 3 
4 0 0 8 0 3 0 0 1 
7 0 0 0 2 0 0 0 6 
0 6 0 0 0 0 2 8 0 
0 0 0 4 1 9 0 0 5 
0 0 0 0 8 0 0 7 9 
5 3 1 6 7 2 4 9 8 
6 2 0 1 9 5 0 0 0 
0 9 8 0 0 0 0 6 0 
8 0 0 0 6 0 0 0 3 
4 0 0 8 0 3 0 0 1 
7 0 0 0 2 0 0 0 6 
0 6 0 0 0 0 2 8 0 
0 0 0 4 1 9 0 0 5 
0 0 0 0 8 0 0 7 9 
5 3 1 6 7 2 4 9 8 
6 2 4 1 9 5 0 0 0 
0 9 8 0 0 0 0 6 0 
8 0 0 0 6 0 0 0 3 
4 0 0 8 0 3 0 0 1 
7 0 0 0 2 0 0 0 6 
0 6 0 0 0 0 2 8 0 
0 0 0 4 1 9 0 0 5 
0 0 0 0 8 0 0 7 9 
5 3 1 6 7 2 4 9 8 
6 2 4 1 9 5 0 0 0 
0 9 8 0 0 0 0 6 0 
8 0 0 0 6 0 0 0 3 
4 0 0 8 0 3 0 0 1 
7 0 0 0 2 0 0 0 6 
0 6 0 0 0 0 2 8 0 
0 0 0 4 1 9 0 0 5 
0 0 0 0 8 0 0 7 9 
5 3 1 6 7 2 4 9 8 
6 2 4 1 9 5 0 0 0 
0 9 8 0 0 0 0 6 0 
8 0 0 0 6 0 0 0 3 
4 0 0 8 0 3 0 0 1 
7 0 0 0 2 0 0 0 6 
0 6 0 0 0 0 2 8 0 
0 0 0 4 1 9 0 0 5 
0 0 0 0 8 0 0 7 9 
5 3 1 6 7 2 4 9 8 
6 2 4 1 9 5 0 0 0 
0 9 8 0 0 0 0 6 0 
8 0 0 0 6 0 0 0 3 
4 0 0 8 0 3 0 0 1 
7 0 0 0 2 0 0 0 6 
0 6 0 0 0 0 2 8 0 
0 0 0 4 1 9 0 0 5 
0 0 0 0 8 0 0 7 9 
5 3 1 6 7 2 4 9 8 
6 2 4 1 9 5 3 0 0 
0 9 8 0 0 0 0 6 0 
8 0 0 0 6 0 0 0 3 
4 0 0 8 0 3 0 0 1 
7 0 0 0 2 0 0 0 6 
0 6 0 0 0 0 2 8 0 
0 0 0 4 1 9 0 0 5 
0 0 0 0 8 0 0 7 9 
5 3 1 6 7 2 4 9 8 
6 2 4 1 9 5 7 0 0 
0 9 8 0 0 0 0 6 0 
8 0 0 0 6 0 0 0 3 
4 0 0 8 0 3 0 0 1 
7 0 0 0 2 0 0 0 6 
0 6 0 0 0 0 2 8 0 
0 0 0 4 1 9 0 0 5 
0 0 0 0 8 0 0 7 9 
5 3 1 6 7 2 4 9 8 
6 2 4 1 9 5 7 3 0 
0 9 8 0 0 0 0 6 0 
8 0 0 0 6 0 0 0 3 
4 0 0 8 0 3 0 0 1 
7 0 0 0 2 0 0 0 6 
0 6 0 0 0 0 2 8 0 
0 0 0 4 1 9 0 0 5 
0 0 0 0 8 0 0 7 9 
5 3 1 6 7 2 4 9 8 
6 2 7 1 9 5 0 0 0 
0 9 8 0 0 0 0 6 0 
8 0 0 0 6 0 0 0 3 
4 0 0 8 0 3 0 0 1 
7 0 0 0 2 0 0 0 6 
0 6 0 0 0 0 2 8 0 
0 0 0 4 1 9 0 0 5 
0 0 0 0 8 0 0 7 9 
5 3 1 6 7 2 4 9 8 
6 2 7 1 9 5 0 0 0 
0 9 8 0 0 0 0 6 0 
8 0 0 0 6 0 0 0 3 
4 0 0 8 0 3 0 0 1 
7 0 0 0 2 0 0 0 6 
0 6 0 0 0 0 2 8 0 
0 0 0 4 1 9 0 0 5 
0 0 0 0 8 0 0 7 9 
5 3 1 6 7 2 4 9 8 
6 2 7 1 9 5 0 0 0 
0 9 8 0 0 0 0 6 0 
8 0 0 0 6 0 0 0 3 
4 0 0 8 0 3 0 0 1 
7 0 0 0 2 0 0 0 6 
0 6 0 0 0 0 2 8 0 
0 0 0 4 1 9 0 0 5 
0 0 0 0 8 0 0 7 9 
5 3 1 6 7 2 4 9 8 
6 2 7 1 9 5 0 0 0 
0 9 8 0 0 0 0 6 0 
8 0 0 0 6 0 0 0 3 
4 0 0 8 0 3 0 0 1 
7 0 0 0 2 0 0 0 6 
0 6 0 0 0 0 2 8 0 
0 0 0 4 1 9 0 0 5 
0 0 0 0 8 0 0 7 9 
5 3 1 6 7 2 4 9 8 
6 2 7 1 9 5 3 0 0 
0 9 8 0 0 0 0 6 0 
8 0 0 0 6 0 0 0 3 
4 0 0 8 0 3 0 0 1 
7 0 0 0 2 0 0 0 6 
0 6 0 0 0 0 2 8 0 
0 0 0 4 1 9 0 0 5 
0 0 0 0 8 0 0 7 9 
5 3 1 6 7 2 4 9 8 
6 4 0 1 9 5 0 0 0 
0 9 8 0 0 0 0 6 0 
8 0 0 0 6 0 0 0 3 
4 0 0 8 0 3 0 0 1 
7 0 0 0 2 0 0 0 6 
0 6 0 0 0 0 2 8 0 
0 0 0 4 1 9 0 0 5 
0 0 0 0 8 0 0 7 9 
5 3 1 6 7 2 4 9 8 
6 4 2 1 9 5 0 0 0 
0 9 8 0 0 0 0 6 0 
8 0 0 0 6 0 0 0 3 
4 0 0 8 0 3 0 0 1 
7 0 0 0 2 0 0 0 6 
0 6 0 0 0 0 2 8 0 
0 0 0 4 1 9 0 0 5 
0 0 0 0 8 0 0 7 9 
5 3 1 6 7 2 4 9 8 
6 4 2 1 9 5 0 0 0 
0 9 8 0 0 0 0 6 0 
8 0 0 0 6 0 0 0 3 
4 0 0 8 0 3 0 0 1 
7 0 0 0 2 0 0 0 6 
0 6 0 0 0 0 2 8 0 
0 0 0 4 1 9 0 0 5 
0 0 0 0 8 0 0 7 9 
5 3 1 6 7 2 4 9 8 
6 4 2 1 9 5 0 0 0 
0 9 8 0 0 0 0 6 0 
8 0 0 0 6 0 0 0 3 
4 0 0 8 0 3 0 0 1 
7 0 0 0 2 0 0 0 6 
0 6 0 0 0 0 2 8 0 
0 0 0 4 1 9 0 0 5 
0 0 0 0 8 0 0 7 9 
5 3 1 6 7 2 4 9 8 
6 4 2 1 9 5 0 0 0 
0 9 8 0 0 0 0 6 0 
8 0 0 0 6 0 0 0 3 
4 0 0 8 0 3 0 0 1 
7 0 0 0 2 0 0 0 6 
0 6 0 0 0 0 2 8 0 
0 0 0 4 1 9 0 0 5 
0 0 0 0 8 0 0 7 9 
5 3 1 6 7 2 4 9 8 
6 4 2 1 9 5 3 0 0 
0 9 8 0 0 0 0 6 0 
8 0 0 0 6 0 0 0 3 
4 0 0 8 0 3 0 0 1 
7 0 0 0 2 0 0 0 6 
0 6 0 0 0 0 2 8 0 
0 0 0 4 1 9 0 0 5 
0 0 0 0 8 0 0 7 9 
5 3 1 6 7 2 4 9 8 
6 4 2 1 9 5 7 0 0 
0 9 8 0 0 0 0 6 0 
8 0 0 0 6 0 0 0 3 
4 0 0 8 0 3 0 0 1 
7 0 0 0 2 0 0 0 6 
0 6 0 0 0 0 2 8 0 
0 0 0 4 1 9 0 0 5 
0 0 0 0 8 0 0 7 9 
5 3 1 6 7 2 4 9 8 
6 4 2 1 9 5 7 3 0 
0 9 8 0 0 0 0 6 0 
8 0 0 0 6 0 0 0 3 
4 0 0 8 0 3 0 0 1 
7 0 0 0 2 0 0 0 6 
0 6 0 0 0 0 2 8 0 
0 0 0 4 1 9 0 0 5 
0 0 0 0 8 0 0 7 9 
5 3 1 6 7 2 4 9 8 
6 4 7 1 9 5 0 0 0 
0 9 8 0 0 0 0 6 0 
8 0 0 0 6 0 0 0 3 
4 0 0 8 0 3 0 0 1 
7 0 0 0 2 0 0 0 6 
0 6 0 0 0 0 2 8 0 
0 0 0 4 1 9 0 0 5 
0 0 0 0 8 0 0 7 9 
5 3 1 6 7 2 4 9 8 
6 4 7 1 9 5 0 0 0 
0 9 8 0 0 0 0 6 0 
8 0 0 0 6 0 0 0 3 
4 0 0 8 0 3 0 0 1 
7 0 0 0 2 0 0 0 6 
0 6 0 0 0 0 2 8 0 
0 0 0 4 1 9 0 0 5 
0 0 0 0 8 0 0 7 9 
5 3 1 6 7 2 4 9 8 
6 4 7 1 9 5 0 0 0 
0 9 8 0 0 0 0 6 0 
8 0 0 0 6 0 0 0 3 
4 0 0 8 0 3 0 0 1 
7 0 0 0 2 0 0 0 6 
0 6 0 0 0 0 2 8 0 
0 0 0 4 1 9 0 0 5 
0 0 0 0 8 0 0 7 9 
5 3 1 6 7 2 4 9 8 
6 4 7 1 9 5 0 0 0 
0 9 8 0 0 0 0 6 0 
8 0 0 0 6 0 0 0 3 
4 0 0 8 0 3 0 0 1 
7 0 0 0 2 0 0 0 6 
0 6 0 0 0 0 2 8 0 
0 0 0 4 1 9 0 0 5 
0 0 0 0 8 0 0 7 9 
5 3 1 6 7 2 4 9 8 
6 4 7 1 9 5 3 0 0 
0 9 8 0 0 0 0 6 0 
8 0 0 0 6 0 0 0 3 
4 0 0 8 0 3 0 0 1 
7 0 0 0 2 0 0 0 6 
0 6 0 0 0 0 2 8 0 
0 0 0 4 1 9 0 0 5 
0 0 0 0 8 0 0 7 9 
5 3 1 6 7 2 4 9 8 
6 4 7 1 9 5 3 2 0 
0 9 8 0 0 0 0 6 0 
8 0 0 0 6 0 0 0 3 
4 0 0 8 0 3 0 0 1 
7 0 0 0 2 0 0 0 6 
0 6 0 0 0 0 2 8 0 
0 0 0 4 1 9 0 0 5 
0 0 0 0 8 0 0 7 9 
5 3 1 6 7 2 4 9 8 
6 7 0 1 9 5 0 0 0 
0 9 8 0 0 0 0 6 0 
8 0 0 0 6 0 0 0 3 
4 0 0 8 0 3 0 0 1 
7 0 0 0 2 0 0 0 6 
0 6 0 0 0 0 2 8 0 
0 0 0 4 1 9 0 0 5 
0 0 0 0 8 0 0 7 9 
5 3 1 6 7 2 4 9 8 
6 7 2 1 9 5 0 0 0 
0 9 8 0 0 0 0 6 0 
8 0 0 0 6 0 0 0 3 
4 0 0 8 0 3 0 0 1 
7 0 0 0 2 0 0 0 6 
0 6 0 0 0 0 2 8 0 
0 0 0 4 1 9 0 0 5 
0 0 0 0 8 0 0 7 9 
5 3 1 6 7 2 4 9 8 
6 7 2 1 9 5 0 0 0 
0 9 8 0 0 0 0 6 0 
8 0 0 0 6 0 0 0 3 
4 0 0 8 0 3 0 0 1 
7 0 0 0 2 0 0 0 6 
0 6 0 0 0 0 2 8 0 
0 0 0 4 1 9 0 0 5 
0 0 0 0 8 0 0 7 9 
5 3 1 6 7 2 4 9 8 
6 7 2 1 9 5 0 0 0 
0 9 8 0 0 0 0 6 0 
8 0 0 0 6 0 0 0 3 
4 0 0 8 0 3 0 0 1 
7 0 0 0 2 0 0 0 6 
0 6 0 0 0 0 2 8 0 
0 0 0 4 1 9 0 0 5 
0 0 0 0 8 0 0 7 9 
5 3 1 6 7 2 4 9 8 
6 7 2 1 9 5 0 0 0 
0 9 8 0 0 0 0 6 0 
8 0 0 0 6 0 0 0 3 
4 0 0 8 0 3 0 0 1 
7 0 0 0 2 0 0 0 6 
0 6 0 0 0 0 2 8 0 
0 0 0 4 1 9 0 0 5 
0 0 0 0 8 0 0 7 9 
5 3 1 6 7 2 4 9 8 
6 7 2 1 9 5 3 0 0 
0 9 8 0 0 0 0 6 0 
8 0 0 0 6 0 0 0 3 
4 0 0 8 0 3 0 0 1 
7 0 0 0 2 0 0 0 6 
0 6 0 0 0 0 2 8 0 
0 0 0 4 1 9 0 0 5 
0 0 0 0 8 0 0 7 9 
5 3 1 6 7 2 4 9 8 
6 7 4 1 9 5 0 0 0 
0 9 8 0 0 0 0 6 0 
8 0 0 0 6 0 0 0 3 
4 0 0 8 0 3 0 0 1 
7 0 0 0 2 0 0 0 6 
0 6 0 0 0 0 2 8 0 
0 0 0 4 1 9 0 0 5 
0 0 0 0 8 0 0 7 9 
5 3 1 6 7 2 4 9 8 
6 7 4 1 9 5 0 0 0 
0 9 8 0 0 0 0 6 0 
8 0 0 0 6 0 0 0 3 
4 0 0 8 0 3 0 0 1 
7 0 0 0 2 0 0 0 6 
0 6 0 0 0 0 2 8 0 
0 0 0 4 1 9 0 0 5 
0 0 0 0 8 0 0 7 9 
5 3 1 6 7 2 4 9 8 
6 7 4 1 9 5 0 0 0 
0 9 8 0 0 0 0 6 0 
8 0 0 0 6 0 0 0 3 
4 0 0 8 0 3 0 0 1 
7 0 0 0 2 0 0 0 6 
0 6 0 0 0 0 2 8 0 
0 0 0 4 1 9 0 0 5 
0 0 0 0 8 0 0 7 9 
5 3 1 6 7 2 4 9 8 
6 7 4 1 9 5 0 0 0 
0 9 8 0 0 0 0 6 0 
8 0 0 0 6 0 0 0 3 
4 0 0 8 0 3 0 0 1 
7 0 0 0 2 0 0 0 6 
0 6 0 0 0 0 2 8 0 
0 0 0 4 1 9 0 0 5 
0 0 0 0 8 0 0 7 9 
5 3 1 6 7 2 4 9 8 
6 7 4 1 9 5 3 0 0 
0 9 8 0 0 0 0 6 0 
8 0 0 0 6 0 0 0 3 
4 0 0 8 0 3 0 0 1 
7 0 0 0 2 0 0 0 6 
0 6 0 0 0 0 2 8 0 
0 0 0 4 1 9 0 0 5 
0 0 0 0 8 0 0 7 9 
5 3 1 6 7 2 4 9 8 
6 7 4 1 9 5 3 2 0 
0 9 8 0 0 0 0 6 0 
8 0 0 0 6 0 0 0 3 
4 0 0 8 0 3 0 0 1 
7 0 0 0 2 0 0 0 6 
0 6 0 0 0 0 2 8 0 
0 0 0 4 1 9 0 0 5 
0 0 0 0 8 0 0 7 9 
5 3 1 6 7 2 8 0 0 
6 0 0 1 9 5 0 0 0 
0 9 8 0 0 0 0 6 0 
8 0 0 0 6 0 0 0 3 
4 0 0 8 0 3 0 0 1 
7 0 0 0 2 0 0 0 6 
0 6 0 0 0 0 2 8 0 
0 0 0 4 1 9 0 0 5 
0 0 0 0 8 0 0 7 9 
5 3 1 6 7 2 8 4 0 
6 0 0 1 9 5 0 0 0 
0 9 8 0 0 0 0 6 0 
8 0 0 0 6 0 0 0 3 
4 0 0 8 0 3 0 0 1 
7 0 0 0 2 0 0 0 6 
0 6 0 0 0 0 2 8 0 
0 0 0 4 1 9 0 0 5 
0 0 0 0 8 0 0 7 9 
5 3 1 6 7 2 8 9 0 
6 0 0 1 9 5 0 0 0 
0 9 8 0 0 0 0 6 0 
8 0 0 0 6 0 0 0 3 
4 0 0 8 0 3 0 0 1 
7 0 0 0 2 0 0 0 6 
0 6 0 0 0 0 2 8 0 
0 0 0 4 1 9 0 0 5 
0 0 0 0 8 0 0 7 9 
5 3 1 6 7 2 8 9 4 
6 0 0 1 9 5 0 0 0 
0 9 8 0 0 0 0 6 0 
8 0 0 0 6 0 0 0 3 
4 0 0 8 0 3 0 0 1 
7 0 0 0 2 0 0 0 6 
0 6 0 0 0 0 2 8 0 
0 0 0 4 1 9 0 0 5 
0 0 0 0 8 0 0 7 9 
5 3 1 6 7 2 8 9 4 
6 0 0 1 9 5 0 0 0 
0 9 8 0 0 0 0 6 0 
8 0 0 0 6 0 0 0 3 
4 0 0 8 0 3 0 0 1 
7 0 0 0 2 0 0 0 6 
0 6 0 0 0 0 2 8 0 
0 0 0 4 1 9 0 0 5 
0 0 0 0 8 0 0 7 9 
5 3 1 6 7 2 8 9 4 
6 2 0 1 9 5 0 0 0 
0 9 8 0 0 0 0 6 0 
8 0 0 0 6 0 0 0 3 
4 0 0 8 0 3 0 0 1 
7 0 0 0 2 0 0 0 6 
0 6 0 0 0 0 2 8 0 
0 0 0 4 1 9 0 0 5 
0 0 0 0 8 0 0 7 9 
5 3 1 6 7 2 8 9 4 
6 2 4 1 9 5 0 0 0 
0 9 8 0 0 0 0 6 0 
8 0 0 0 6 0 0 0 3 
4 0 0 8 0 3 0 0 1 
7 0 0 0 2 0 0 0 6 
0 6 0 0 0 0 2 8 0 
0 0 0 4 1 9 0 0 5 
0 0 0 0 8 0 0 7 9 
5 3 1 6 7 2 8 9 4 
6 2 4 1 9 5 0 0 0 
0 9 8 0 0 0 0 6 0 
8 0 0 0 6 0 0 0 3 
4 0 0 8 0 3 0 0 1 
7 0 0 0 2 0 0 0 6 
0 6 0 0 0 0 2 8 0 
0 0 0 4 1 9 0 0 5 
0 0 0 0 8 0 0 7 9 
5 3 1 6 7 2 8 9 4 
6 2 4 1 9 5 0 0 0 
0 9 8 0 0 0 0 6 0 
8 0 0 0 6 0 0 0 3 
4 0 0 8 0 3 0 0 1 
7 0 0 0 2 0 0 0 6 
0 6 0 0 0 0 2 8 0 
0 0 0 4 1 9 0 0 5 
0 0 0 0 8 0 0 7 9 
5 3 1 6 7 2 8 9 4 
6 2 4 1 9 5 0 0 0 
0 9 8 0 0 0 0 6 0 
8 0 0 0 6 0 0 0 3 
4 0 0 8 0 3 0 0 1 
7 0 0 0 2 0 0 0 6 
0 6 0 0 0 0 2 8 0 
0 0 0 4 1 9 0 0 5 
0 0 0 0 8 0 0 7 9 
5 3 1 6 7 2 8 9 4 
6 2 4 1 9 5 3 0 0 
0 9 8 0 0 0 0 6 0 
8 0 0 0 6 0 0 0 3 
4 0 0 8 0 3 0 0 1 
7 0 0 0 2 0 0 0 6 
0 6 0 0 0 0 2 8 0 
0 0 0 4 1 9 0 0 5 
0 0 0 0 8 0 0 7 9 
5 3 1 6 7 2 8 9 4 
6 2 4 1 9 5 7 0 0 
0 9 8 0 0 0 0 6 0 
8 0 0 0 6 0 0 0 3 
4 0 0 8 0 3 0 0 1 
7 0 0 0 2 0 0 0 6 
0 6 0 0 0 0 2 8 0 
0 0 0 4 1 9 0 0 5 
0 0 0 0 8 0 0 7 9 
5 3 1 6 7 2 8 9 4 
6 2 4 1 9 5 7 3 0 
0 9 8 0 0 0 0 6 0 
8 0 0 0 6 0 0 0 3 
4 0 0 8 0 3 0 0 1 
7 0 0 0 2 0 0 0 6 
0 6 0 0 0 0 2 8 0 
0 0 0 4 1 9 0 0 5 
0 0 0 0 8 0 0 7 9 
5 3 1 6 7 2 8 9 4 
6 2 7 1 9 5 0 0 0 
0 9 8 0 0 0 0 6 0 
8 0 0 0 6 0 0 0 3 
4 0 0 8 0 3 0 0 1 
7 0 0 0 2 0 0 0 6 
0 6 0 0 0 0 2 8 0 
0 0 0 4 1 9 0 0 5 
0 0 0 0 8 0 0 7 9 
5 3 1 6 7 2 8 9 4 
6 2 7 1 9 5 0 0 0 
0 9 8 0 0 0 0 6 0 
8 0 0 0 6 0 0 0 3 
4 0 0 8 0 3 0 0 1 
7 0 0 0 2 0 0 0 6 
0 6 0 0 0 0 2 8 0 
0 0 0 4 1 9 0 0 5 
0 0 0 0 8 0 0 7 9 
5 3 1 6 7 2 8 9 4 
6 2 7 1 9 5 0 0 0 
0 9 8 0 0 0 0 6 0 
8 0 0 0 6 0 0 0 3 
4 0 0 8 0 3 0 0 1 
7 0 0 0 2 0 0 0 6 
0 6 0 0 0 0 2 8 0 
0 0 0 4 1 9 0 0 5 
0 0 0 0 8 0 0 7 9 
5 3 1 6 7 2 8 9 4 
6 2 7 1 9 5 0 0 0 
0 9 8 0 0 0 0 6 0 
8 0 0 0 6 0 0 0 3 
4 0 0 8 0 3 0 0 1 
7 0 0 0 2 0 0 0 6 
0 6 0 0 0 0 2 8 0 
0 0 0 4 1 9 0 0 5 
0 0 0 0 8 0 0 7 9 
5 3 1 6 7 2 8 9 4 
6 2 7 1 9 5 3 0 0 
0 9 8 0 0 0 0 6 0 
8 0 0 0 6 0 0 0 3 
4 0 0 8 0 3 0 0 1 
7 0 0 0 2 0 0 0 6 
0 6 0 0 0 0 2 8 0 
0 0 0 4 1 9 0 0 5 
0 0 0 0 8 0 0 7 9 
5 3 1 6 7 2 8 9 4 
6 4 0 1 9 5 0 0 0 
0 9 8 0 0 0 0 6 0 
8 0 0 0 6 0 0 0 3 
4 0 0 8 0 3 0 0 1 
7 0 0 0 2 0 0 0 6 
0 6 0 0 0 0 2 8 0 
0 0 0 4 1 9 0 0 5 
0 0 0 0 8 0 0 7 9 
5 3 1 6 7 2 8 9 4 
6 4 2 1 9 5 0 0 0 
0 9 8 0 0 0 0 6 0 
8 0 0 0 6 0 0 0 3 
4 0 0 8 0 3 0 0 1 
7 0 0 0 2 0 0 0 6 
0 6 0 0 0 0 2 8 0 
0 0 0 4 1 9 0 0 5 
0 0 0 0 8 0 0 7 9 
5 3 1 6 7 2 8 9 4 
6 4 2 1 9 5 0 0 0 
0 9 8 0 0 0 0 6 0 
8 0 0 0 6 0 0 0 3 
4 0 0 8 0 3 0 0 1 
7 0 0 0 2 0 0 0 6 
0 6 0 0 0 0 2 8 0 
0 0 0 4 1 9 0 0 5 
0 0 0 0 8 0 0 7 9 
5 3 1 6 7 2 8 9 4 
6 4 2 1 9 5 0 0 0 
0 9 8 0 0 0 0 6 0 
8 0 0 0 6 0 0 0 3 
4 0 0 8 0 3 0 0 1 
7 0 0 0 2 0 0 0 6 
0 6 0 0 0 0 2 8 0 
0 0 0 4 1 9 0 0 5 
0 0 0 0 8 0 0 7 9 
5 3 1 6 7 2 8 9 4 
6 4 2 1 9 5 0 0 0 
0 9 8 0 0 0 0 6 0 
8 0 0 0 6 0 0 0 3 
4 0 0 8 0 3 0 0 1 
7 0 0 0 2 0 0 0 6 
0 6 0 0 0 0 2 8 0 
0 0 0 4 1 9 0 0 5 
0 0 0 0 8 0 0 7 9 
5 3 1 6 7 2 8 9 4 
6 4 2 1 9 5 3 0 0 
0 9 8 0 0 0 0 6 0 
8 0 0 0 6 0 0 0 3 
4 0 0 8 0 3 0 0 1 
7 0 0 0 2 0 0 0 6 
0 6 0 0 0 0 2 8 0 
0 0 0 4 1 9 0 0 5 
0 0 0 0 8 0 0 7 9 
5 3 1 6 7 2 8 9 4 
6 4 2 1 9 5 7 0 0 
0 9 8 0 0 0 0 6 0 
8 0 0 0 6 0 0 0 3 
4 0 0 8 0 3 0 0 1 
7 0 0 0 2 0 0 0 6 
0 6 0 0 0 0 2 8 0 
0 0 0 4 1 9 0 0 5 
0 0 0 0 8 0 0 7 9 
5 3 1 6 7 2 8 9 4 
6 4 2 1 9 5 7 3 0 
0 9 8 0 0 0 0 6 0 
8 0 0 0 6 0 0 0 3 
4 0 0 8 0 3 0 0 1 
7 0 0 0 2 0 0 0 6 
0 6 0 0 0 0 2 8 0 
0 0 0 4 1 9 0 0 5 
0 0 0 0 8 0 0 7 9 
5 3 1 6 7 2 8 9 4 
6 4 7 1 9 5 0 0 0 
0 9 8 0 0 0 0 6 0 
8 0 0 0 6 0 0 0 3 
4 0 0 8 0 3 0 0 1 
7 0 0 0 2 0 0 0 6 
0 6 0 0 0 0 2 8 0 
0 0 0 4 1 9 0 0 5 
0 0 0 0 8 0 0 7 9 
5 3 1 6 7 2 8 9 4 
6 4 7 1 9 5 0 0 0 
0 9 8 0 0 0 0 6 0 
8 0 0 0 6 0 0 0 3 
4 0 0 8 0 3 0 0 1 
7 0 0 0 2 0 0 0 6 
0 6 0 0 0 0 2 8 0 
0 0 0 4 1 9 0 0 5 
0 0 0 0 8 0 0 7 9 
5 3 1 6 7 2 8 9 4 
6 4 7 1 9 5 0 0 0 
0 9 8 0 0 0 0 6 0 
8 0 0 0 6 0 0 0 3 
4 0 0 8 0 3 0 0 1 
7 0 0 0 2 0 0 0 6 
0 6 0 0 0 0 2 8 0 
0 0 0 4 1 9 0 0 5 
0 0 0 0 8 0 0 7 9 
5 3 1 6 7 2 8 9 4 
6 4 7 1 9 5 0 0 0 
0 9 8 0 0 0 0 6 0 
8 0 0 0 6 0 0 0 3 
4 0 0 8 0 3 0 0 1 
7 0 0 0 2 0 0 0 6 
0 6 0 0 0 0 2 8 0 
0 0 0 4 1 9 0 0 5 
0 0 0 0 8 0 0 7 9 
5 3 1 6 7 2 8 9 4 
6 4 7 1 9 5 3 0 0 
0 9 8 0 0 0 0 6 0 
8 0 0 0 6 0 0 0 3 
4 0 0 8 0 3 0 0 1 
7 0 0 0 2 0 0 0 6 
0 6 0 0 0 0 2 8 0 
0 0 0 4 1 9 0 0 5 
0 0 0 0 8 0 0 7 9 
5 3 1 6 7 2 8 9 4 
6 4 7 1 9 5 3 2 0 
0 9 8 0 0 0 0 6 0 
8 0 0 0 6 0 0 0 3 
4 0 0 8 0 3 0 0 1 
7 0 0 0 2 0 0 0 6 
0 6 0 0 0 0 2 8 0 
0 0 0 4 1 9 0 0 5 
0 0 0 0 8 0 0 7 9 
5 3 1 6 7 2 8 9 4 
6 7 0 1 9 5 0 0 0 
0 9 8 0 0 0 0 6 0 
8 0 0 0 6 0 0 0 3 
4 0 0 8 0 3 0 0 1 
7 0 0 0 2 0 0 0 6 
0 6 0 0 0 0 2 8 0 
0 0 0 4 1 9 0 0 5 
0 0 0 0 8 0 0 7 9 
5 3 1 6 7 2 8 9 4 
6 7 2 1 9 5 0 0 0 
0 9 8 0 0 0 0 6 0 
8 0 0 0 6 0 0 0 3 
4 0 0 8 0 3 0 0 1 
7 0 0 0 2 0 0 0 6 
0 6 0 0 0 0 2 8 0 
0 0 0 4 1 9 0 0 5 
0 0 0 0 8 0 0 7 9 
5 3 1 6 7 2 8 9 4 
6 7 2 1 9 5 0 0 0 
0 9 8 0 0 0 0 6 0 
8 0 0 0 6 0 0 0 3 
4 0 0 8 0 3 0 0 1 
7 0 0 0 2 0 0 0 6 
0 6 0 0 0 0 2 8 0 
0 0 0 4 1 9 0 0 5 
0 0 0 0 8 0 0 7 9 
5 3 1 6 7 2 8 9 4 
6 7 2 1 9 5 0 0 0 
0 9 8 0 0 0 0 6 0 
8 0 0 0 6 0 0 0 3 
4 0 0 8 0 3 0 0 1 
7 0 0 0 2 0 0 0 6 
0 6 0 0 0 0 2 8 0 
0 0 0 4 1 9 0 0 5 
0 0 0 0 8 0 0 7 9 
5 3 1 6 7 2 8 9 4 
6 7 2 1 9 5 0 0 0 
0 9 8 0 0 0 0 6 0 
8 0 0 0 6 0 0 0 3 
4 0 0 8 0 3 0 0 1 
7 0 0 0 2 0 0 0 6 
0 6 0 0 0 0 2 8 0 
0 0 0 4 1 9 0 0 5 
0 0 0 0 8 0 0 7 9 
5 3 1 6 7 2 8 9 4 
6 7 2 1 9 5 3 0 0 
0 9 8 0 0 0 0 6 0 
8 0 0 0 6 0 0 0 3 
4 0 0 8 0 3 0 0 1 
7 0 0 0 2 0 0 0 6 
0 6 0 0 0 0 2 8 0 
0 0 0 4 1 9 0 0 5 
0 0 0 0 8 0 0 7 9 
5 3 1 6 7 2 8 9 4 
6 7 4 1 9 5 0 0 0 
0 9 8 0 0 0 0 6 0 
8 0 0 0 6 0 0 0 3 
4 0 0 8 0 3 0 0 1 
7 0 0 0 2 0 0 0 6 
0 6 0 0 0 0 2 8 0 
0 0 0 4 1 9 0 0 5 
0 0 0 0 8 0 0 7 9 
5 3 1 6 7 2 8 9 4 
6 7 4 1 9 5 0 0 0 
0 9 8 0 0 0 0 6 0 
8 0 0 0 6 0 0 0 3 
4 0 0 8 0 3 0 0 1 
7 0 0 0 2 0 0 0 6 
0 6 0 0 0 0 2 8 0 
0 0 0 4 1 9 0 0 5 
0 0 0 0 8 0 0 7 9 
5 3 1 6 7 2 8 9 4 
6 7 4 1 9 5 0 0 0 
0 9 8 0 0 0 0 6 0 
8 0 0 0 6 0 0 0 3 
4 0 0 8 0 3 0 0 1 
7 0 0 0 2 0 0 0 6 
0 6 0 0 0 0 2 8 0 
0 0 0 4 1 9 0 0 5 
0 0 0 0 8 0 0 7 9 
5 3 1 6 7 2 8 9 4 
6 7 4 1 9 5 0 0 0 
0 9 8 0 0 0 0 6 0 
8 0 0 0 6 0 0 0 3 
4 0 0 8 0 3 0 0 1 
7 0 0 0 2 0 0 0 6 
0 6 0 0 0 0 2 8 0 
0 0 0 4 1 9 0 0 5 
0 0 0 0 8 0 0 7 9 
5 3 1 6 7 2 8 9 4 
6 7 4 1 9 5 3 0 0 
0 9 8 0 0 0 0 6 0 
8 0 0 0 6 0 0 0 3 
4 0 0 8 0 3 0 0 1 
7 0 0 0 2 0 0 0 6 
0 6 0 0 0 0 2 8 0 
0 0 0 4 1 9 0 0 5 
0 0 0 0 8 0 0 7 9 
5 3 1 6 7 2 8 9 4 
6 7 4 1 9 5 3 2 0 
0 9 8 0 0 0 0 6 0 
8 0 0 0 6 0 0 0 3 
4 0 0 8 0 3 0 0 1 
7 0 0 0 2 0 0 0 6 
0 6 0 0 0 0 2 8 0 
0 0 0 4 1 9 0 0 5 
0 0 0 0 8 0 0 7 9 
5 3 1 6 7 2 9 0 0 
6 0 0 1 9 5 0 0 0 
0 9 8 0 0 0 0 6 0 
8 0 0 0 6 0 0 0 3 
4 0 0 8 0 3 0 0 1 
7 0 0 0 2 0 0 0 6 
0 6 0 0 0 0 2 8 0 
0 0 0 4 1 9 0 0 5 
0 0 0 0 8 0 0 7 9 
5 3 1 6 7 2 9 4 0 
6 0 0 1 9 5 0 0 0 
0 9 8 0 0 0 0 6 0 
8 0 0 0 6 0 0 0 3 
4 0 0 8 0 3 0 0 1 
7 0 0 0 2 0 0 0 6 
0 6 0 0 0 0 2 8 0 
0 0 0 4 1 9 0 0 5 
0 0 0 0 8 0 0 7 9 
5 3 1 6 7 2 9 4 8 
6 0 0 1 9 5 0 0 0 
0 9 8 0 0 0 0 6 0 
8 0 0 0 6 0 0 0 3 
4 0 0 8 0 3 0 0 1 
7 0 0 0 2 0 0 0 6 
0 6 0 0 0 0 2 8 0 
0 0 0 4 1 9 0 0 5 
0 0 0 0 8 0 0 7 9 
5 3 1 6 7 2 9 4 8 
6 0 0 1 9 5 0 0 0 
0 9 8 0 0 0 0 6 0 
8 0 0 0 6 0 0 0 3 
4 0 0 8 0 3 0 0 1 
7 0 0 0 2 0 0 0 6 
0 6 0 0 0 0 2 8 0 
0 0 0 4 1 9 0 0 5 
0 0 0 0 8 0 0 7 9 
5 3 1 6 7 2 9 4 8 
6 2 0 1 9 5 0 0 0 
0 9 8 0 0 0 0 6 0 
8 0 0 0 6 0 0 0 3 
4 0 0 8 0 3 0 0 1 
7 0 0 0 2 0 0 0 6 
0 6 0 0 0 0 2 8 0 
0 0 0 4 1 9 0 0 5 
0 0 0 0 8 0 0 7 9 
5 3 1 6 7 2 9 4 8 
6 2 4 1 9 5 0 0 0 
0 9 8 0 0 0 0 6 0 
8 0 0 0 6 0 0 0 3 
4 0 0 8 0 3 0 0 1 
7 0 0 0 2 0 0 0 6 
0 6 0 0 0 0 2 8 0 
0 0 0 4 1 9 0 0 5 
0 0 0 0 8 0 0 7 9 
5 3 1 6 7 2 9 4 8 
6 2 4 1 9 5 0 0 0 
0 9 8 0 0 0 0 6 0 
8 0 0 0 6 0 0 0 3 
4 0 0 8 0 3 0 0 1 
7 0 0 0 2 0 0 0 6 
0 6 0 0 0 0 2 8 0 
0 0 0 4 1 9 0 0 5 
0 0 0 0 8 0 0 7 9 
5 3 1 6 7 2 9 4 8 
6 2 4 1 9 5 0 0 0 
0 9 8 0 0 0 0 6 0 
8 0 0 0 6 0 0 0 3 
4 0 0 8 0 3 0 0 1 
7 0 0 0 2 0 0 0 6 
0 6 0 0 0 0 2 8 0 
0 0 0 4 1 9 0 0 5 
0 0 0 0 8 0 0 7 9 
5 3 1 6 7 2 9 4 8 
6 2 4 1 9 5 0 0 0 
0 9 8 0 0 0 0 6 0 
8 0 0 0 6 0 0 0 3 
4 0 0 8 0 3 0 0 1 
7 0 0 0 2 0 0 0 6 
0 6 0 0 0 0 2 8 0 
0 0 0 4 1 9 0 0 5 
0 0 0 0 8 0 0 7 9 
5 3 1 6 7 2 9 4 8 
6 2 4 1 9 5 3 0 0 
0 9 8 0 0 0 0 6 0 
8 0 0 0 6 0 0 0 3 
4 0 0 8 0 3 0 0 1 
7 0 0 0 2 0 0 0 6 
0 6 0 0 0 0 2 8 0 
0 0 0 4 1 9 0 0 5 
0 0 0 0 8 0 0 7 9 
5 3 1 6 7 2 9 4 8 
6 2 4 1 9 5 7 0 0 
0 9 8 0 0 0 0 6 0 
8 0 0 0 6 0 0 0 3 
4 0 0 8 0 3 0 0 1 
7 0 0 0 2 0 0 0 6 
0 6 0 0 0 0 2 8 0 
0 0 0 4 1 9 0 0 5 
0 0 0 0 8 0 0 7 9 
5 3 1 6 7 2 9 4 8 
6 2 4 1 9 5 7 3 0 
0 9 8 0 0 0 0 6 0 
8 0 0 0 6 0 0 0 3 
4 0 0 8 0 3 0 0 1 
7 0 0 0 2 0 0 0 6 
0 6 0 0 0 0 2 8 0 
0 0 0 4 1 9 0 0 5 
0 0 0 0 8 0 0 7 9 
5 3 1 6 7 2 9 4 8 
6 2 7 1 9 5 0 0 0 
0 9 8 0 0 0 0 6 0 
8 0 0 0 6 0 0 0 3 
4 0 0 8 0 3 0 0 1 
7 0 0 0 2 0 0 0 6 
0 6 0 0 0 0 2 8 0 
0 0 0 4 1 9 0 0 5 
0 0 0 0 8 0 0 7 9 
5 3 1 6 7 2 9 4 8 
6 2 7 1 9 5 0 0 0 
0 9 8 0 0 0 0 6 0 
8 0 0 0 6 0 0 0 3 
4 0 0 8 0 3 0 0 1 
7 0 0 0 2 0 0 0 6 
0 6 0 0 0 0 2 8 0 
0 0 0 4 1 9 0 0 5 
0 0 0 0 8 0 0 7 9 
5 3 1 6 7 2 9 4 8 
6 2 7 1 9 5 0 0 0 
0 9 8 0 0 0 0 6 0 
8 0 0 0 6 0 0 0 3 
4 0 0 8 0 3 0 0 1 
7 0 0 0 2 0 0 0 6 
0 6 0 0 0 0 2 8 0 
0 0 0 4 1 9 0 0 5 
0 0 0 0 8 0 0 7 9 
5 3 1 6 7 2 9 4 8 
6 2 7 1 9 5 0 0 0 
0 9 8 0 0 0 0 6 0 
8 0 0 0 6 0 0 0 3 
4 0 0 8 0 3 0 0 1 
7 0 0 0 2 0 0 0 6 
0 6 0 0 0 0 2 8 0 
0 0 0 4 1 9 0 0 5 
0 0 0 0 8 0 0 7 9 
5 3 1 6 7 2 9 4 8 
6 2 7 1 9 5 3 0 0 
0 9 8 0 0 0 0 6 0 
8 0 0 0 6 0 0 0 3 
4 0 0 8 0 3 0 0 1 
7 0 0 0 2 0 0 0 6 
0 6 0 0 0 0 2 8 0 
0 0 0 4 1 9 0 0 5 
0 0 0 0 8 0 0 7 9 
5 3 1 6 7 2 9 4 8 
6 4 0 1 9 5 0 0 0 
0 9 8 0 0 0 0 6 0 
8 0 0 0 6 0 0 0 3 
4 0 0 8 0 3 0 0 1 
7 0 0 0 2 0 0 0 6 
0 6 0 0 0 0 2 8 0 
0 0 0 4 1 9 0 0 5 
0 0 0 0 8 0 0 7 9 
5 3 1 6 7 2 9 4 8 
6 4 2 1 9 5 0 0 0 
0 9 8 0 0 0 0 6 0 
8 0 0 0 6 0 0 0 3 
4 0 0 8 0 3 0 0 1 
7 0 0 0 2 0 0 0 6 
0 6 0 0 0 0 2 8 0 
0 0 0 4 1 9 0 0 5 
0 0 0 0 8 0 0 7 9 
5 3 1 6 7 2 9 4 8 
6 4 2 1 9 5 0 0 0 
0 9 8 0 0 0 0 6 0 
8 0 0 0 6 0 0 0 3 
4 0 0 8 0 3 0 0 1 
7 0 0 0 2 0 0 0 6 
0 6 0 0 0 0 2 8 0 
0 0 0 4 1 9 0 0 5 
0 0 0 0 8 0 0 7 9 
5 3 1 6 7 2 9 4 8 
6 4 2 1 9 5 0 0 0 
0 9 8 0 0 0 0 6 0 
8 0 0 0 6 0 0 0 3 
4 0 0 8 0 3 0 0 1 
7 0 0 0 2 0 0 0 6 
0 6 0 0 0 0 2 8 0 
0 0 0 4 1 9 0 0 5 
0 0 0 0 8 0 0 7 9 
5 3 1 6 7 2 9 4 8 
6 4 2 1 9 5 0 0 0 
0 9 8 0 0 0 0 6 0 
8 0 0 0 6 0 0 0 3 
4 0 0 8 0 3 0 0 1 
7 0 0 0 2 0 0 0 6 
0 6 0 0 0 0 2 8 0 
0 0 0 4 1 9 0 0 5 
0 0 0 0 8 0 0 7 9 
5 3 1 6 7 2 9 4 8 
6 4 2 1 9 5 3 0 0 
0 9 8 0 0 0 0 6 0 
8 0 0 0 6 0 0 0 3 
4 0 0 8 0 3 0 0 1 
7 0 0 0 2 0 0 0 6 
0 6 0 0 0 0 2 8 0 
0 0 0 4 1 9 0 0 5 
0 0 0 0 8 0 0 7 9 
5 3 1 6 7 2 9 4 8 
6 4 2 1 9 5 7 0 0 
0 9 8 0 0 0 0 6 0 
8 0 0 0 6 0 0 0 3 
4 0 0 8 0 3 0 0 1 
7 0 0 0 2 0 0 0 6 
0 6 0 0 0 0 2 8 0 
0 0 0 4 1 9 0 0 5 
0 0 0 0 8 0 0 7 9 
5 3 1 6 7 2 9 4 8 
6 4 2 1 9 5 7 3 0 
0 9 8 0 0 0 0 6 0 
8 0 0 0 6 0 0 0 3 
4 0 0 8 0 3 0 0 1 
7 0 0 0 2 0 0 0 6 
0 6 0 0 0 0 2 8 0 
0 0 0 4 1 9 0 0 5 
0 0 0 0 8 0 0 7 9 
5 3 1 6 7 2 9 4 8 
6 4 7 1 9 5 0 0 0 
0 9 8 0 0 0 0 6 0 
8 0 0 0 6 0 0 0 3 
4 0 0 8 0 3 0 0 1 
7 0 0 0 2 0 0 0 6 
0 6 0 0 0 0 2 8 0 
0 0 0 4 1 9 0 0 5 
0 0 0 0 8 0 0 7 9 
5 3 1 6 7 2 9 4 8 
6 4 7 1 9 5 0 0 0 
0 9 8 0 0 0 0 6 0 
8 0 0 0 6 0 0 0 3 
4 0 0 8 0 3 0 0 1 
7 0 0 0 2 0 0 0 6 
0 6 0 0 0 0 2 8 0 
0 0 0 4 1 9 0 0 5 
0 0 0 0 8 0 0 7 9 
5 3 1 6 7 2 9 4 8 
6 4 7 1 9 5 0 0 0 
0 9 8 0 0 0 0 6 0 
8 0 0 0 6 0 0 0 3 
4 0 0 8 0 3 0 0 1 
7 0 0 0 2 0 0 0 6 
0 6 0 0 0 0 2 8 0 
0 0 0 4 1 9 0 0 5 
0 0 0 0 8 0 0 7 9 
5 3 1 6 7 2 9 4 8 
6 4 7 1 9 5 0 0 0 
0 9 8 0 0 0 0 6 0 
8 0 0 0 6 0 0 0 3 
4 0 0 8 0 3 0 0 1 
7 0 0 0 2 0 0 0 6 
0 6 0 0 0 0 2 8 0 
0 0 0 4 1 9 0 0 5 
0 0 0 0 8 0 0 7 9 
5 3 1 6 7 2 9 4 8 
6 4 7 1 9 5 3 0 0 
0 9 8 0 0 0 0 6 0 
8 0 0 0 6 0 0 0 3 
4 0 0 8 0 3 0 0 1 
7 0 0 0 2 0 0 0 6 
0 6 0 0 0 0 2 8 0 
0 0 0 4 1 9 0 0 5 
0 0 0 0 8 0 0 7 9 
5 3 1 6 7 2 9 4 8 
6 4 7 1 9 5 3 2 0 
0 9 8 0 0 0 0 6 0 
8 0 0 0 6 0 0 0 3 
4 0 0 8 0 3 0 0 1 
7 0 0 0 2 0 0 0 6 
0 6 0 0 0 0 2 8 0 
0 0 0 4 1 9 0 0 5 
0 0 0 0 8 0 0 7 9 
5 3 1 6 7 2 9 4 8 
6 7 0 1 9 5 0 0 0 
0 9 8 0 0 0 0 6 0 
8 0 0 0 6 0 0 0 3 
4 0 0 8 0 3 0 0 1 
7 0 0 0 2 0 0 0 6 
0 6 0 0 0 0 2 8 0 
0 0 0 4 1 9 0 0 5 
0 0 0 0 8 0 0 7 9 
5 3 1 6 7 2 9 4 8 
6 7 2 1 9 5 0 0 0 
0 9 8 0 0 0 0 6 0 
8 0 0 0 6 0 0 0 3 
4 0 0 8 0 3 0 0 1 
7 0 0 0 2 0 0 0 6 
0 6 0 0 0 0 2 8 0 
0 0 0 4 1 9 0 0 5 
0 0 0 0 8 0 0 7 9 
5 3 1 6 7 2 9 4 8 
6 7 2 1 9 5 0 0 0 
0 9 8 0 0 0 0 6 0 
8 0 0 0 6 0 0 0 3 
4 0 0 8 0 3 0 0 1 
7 0 0 0 2 0 0 0 6 
0 6 0 0 0 0 2 8 0 
0 0 0 4 1 9 0 0 5 
0 0 0 0 8 0 0 7 9 
5 3 1 6 7 2 9 4 8 
6 7 2 1 9 5 0 0 0 
0 9 8 0 0 0 0 6 0 
8 0 0 0 6 0 0 0 3 
4 0 0 8 0 3 0 0 1 
7 0 0 0 2 0 0 0 6 
0 6 0 0 0 0 2 8 0 
0 0 0 4 1 9 0 0 5 
0 0 0 0 8 0 0 7 9 
5 3 1 6 7 2 9 4 8 
6 7 2 1 9 5 0 0 0 
0 9 8 0 0 0 0 6 0 
8 0 0 0 6 0 0 0 3 
4 0 0 8 0 3 0 0 1 
7 0 0 0 2 0 0 0 6 
0 6 0 0 0 0 2 8 0 
0 0 0 4 1 9 0 0 5 
0 0 0 0 8 0 0 7 9 
5 3 1 6 7 2 9 4 8 
6 7 2 1 9 5 3 0 0 
0 9 8 0 0 0 0 6 0 
8 0 0 0 6 0 0 0 3 
4 0 0 8 0 3 0 0 1 
7 0 0 0 2 0 0 0 6 
0 6 0 0 0 0 2 8 0 
0 0 0 4 1 9 0 0 5 
0 0 0 0 8 0 0 7 9 
5 3 1 6 7 2 9 4 8 
6 7 4 1 9 5 0 0 0 
0 9 8 0 0 0 0 6 0 
8 0 0 0 6 0 0 0 3 
4 0 0 8 0 3 0 0 1 
7 0 0 0 2 0 0 0 6 
0 6 0 0 0 0 2 8 0 
0 0 0 4 1 9 0 0 5 
0 0 0 0 8 0 0 7 9 
5 3 1 6 7 2 9 4 8 
6 7 4 1 9 5 0 0 0 
0 9 8 0 0 0 0 6 0 
8 0 0 0 6 0 0 0 3 
4 0 0 8 0 3 0 0 1 
7 0 0 0 2 0 0 0 6 
0 6 0 0 0 0 2 8 0 
0 0 0 4 1 9 0 0 5 
0 0 0 0 8 0 0 7 9 
5 3 1 6 7 2 9 4 8 
6 7 4 1 9 5 0 0 0 
0 9 8 0 0 0 0 6 0 
8 0 0 0 6 0 0 0 3 
4 0 0 8 0 3 0 0 1 
7 0 0 0 2 0 0 0 6 
0 6 0 0 0 0 2 8 0 
0 0 0 4 1 9 0 0 5 
0 0 0 0 8 0 0 7 9 
5 3 1 6 7 2 9 4 8 
6 7 4 1 9 5 0 0 0 
0 9 8 0 0 0 0 6 0 
8 0 0 0 6 0 0 0 3 
4 0 0 8 0 3 0 0 1 
7 0 0 0 2 0 0 0 6 
0 6 0 0 0 0 2 8 0 
0 0 0 4 1 9 0 0 5 
0 0 0 0 8 0 0 7 9 
5 3 1 6 7 2 9 4 8 
6 7 4 1 9 5 3 0 0 
0 9 8 0 0 0 0 6 0 
8 0 0 0 6 0 0 0 3 
4 0 0 8 0 3 0 0 1 
7 0 0 0 2 0 0 0 6 
0 6 0 0 0 0 2 8 0 
0 0 0 4 1 9 0 0 5 
0 0 0 0 8 0 0 7 9 
5 3 1 6 7 2 9 4 8 
6 7 4 1 9 5 3 2 0 
0 9 8 0 0 0 0 6 0 
8 0 0 0 6 0 0 0 3 
4 0 0 8 0 3 0 0 1 
7 0 0 0 2 0 0 0 6 
0 6 0 0 0 0 2 8 0 
0 0 0 4 1 9 0 0 5 
0 0 0 0 8 0 0 7 9 
5 3 1 6 7 4 0 0 0 
6 0 0 1 9 5 0 0 0 
0 9 8 0 0 0 0 6 0 
8 0 0 0 6 0 0 0 3 
4 0 0 8 0 3 0 0 1 
7 0 0 0 2 0 0 0 6 
0 6 0 0 0 0 2 8 0 
0 0 0 4 1 9 0 0 5 
0 0 0 0 8 0 0 7 9 
5 3 1 6 7 4 8 0 0 
6 0 0 1 9 5 0 0 0 
0 9 8 0 0 0 0 6 0 
8 0 0 0 6 0 0 0 3 
4 0 0 8 0 3 0 0 1 
7 0 0 0 2 0 0 0 6 
0 6 0 0 0 0 2 8 0 
0 0 0 4 1 9 0 0 5 
0 0 0 0 8 0 0 7 9 
5 3 1 6 7 4 8 2 0 
6 0 0 1 9 5 0 0 0 
0 9 8 0 0 0 0 6 0 
8 0 0 0 6 0 0 0 3 
4 0 0 8 0 3 0 0 1 
7 0 0 0 2 0 0 0 6 
0 6 0 0 0 0 2 8 0 
0 0 0 4 1 9 0 0 5 
0 0 0 0 8 0 0 7 9 
5 3 1 6 7 4 8 9 0 
6 0 0 1 9 5 0 0 0 
0 9 8 0 0 0 0 6 0 
8 0 0 0 6 0 0 0 3 
4 0 0 8 0 3 0 0 1 
7 0 0 0 2 0 0 0 6 
0 6 0 0 0 0 2 8 0 
0 0 0 4 1 9 0 0 5 
0 0 0 0 8 0 0 7 9 
5 3 1 6 7 4 8 9 2 
6 0 0 1 9 5 0 0 0 
0 9 8 0 0 0 0 6 0 
8 0 0 0 6 0 0 0 3 
4 0 0 8 0 3 0 0 1 
7 0 0 0 2 0 0 0 6 
0 6 0 0 0 0 2 8 0 
0 0 0 4 1 9 0 0 5 
0 0 0 0 8 0 0 7 9 
5 3 1 6 7 4 8 9 2 
6 0 0 1 9 5 0 0 0 
0 9 8 0 0 0 0 6 0 
8 0 0 0 6 0 0 0 3 
4 0 0 8 0 3 0 0 1 
7 0 0 0 2 0 0 0 6 
0 6 0 0 0 0 2 8 0 
0 0 0 4 1 9 0 0 5 
0 0 0 0 8 0 0 7 9 
5 3 1 6 7 4 8 9 2 
6 2 0 1 9 5 0 0 0 
0 9 8 0 0 0 0 6 0 
8 0 0 0 6 0 0 0 3 
4 0 0 8 0 3 0 0 1 
7 0 0 0 2 0 0 0 6 
0 6 0 0 0 0 2 8 0 
0 0 0 4 1 9 0 0 5 
0 0 0 0 8 0 0 7 9 
5 3 1 6 7 4 8 9 2 
6 2 4 1 9 5 0 0 0 
0 9 8 0 0 0 0 6 0 
8 0 0 0 6 0 0 0 3 
4 0 0 8 0 3 0 0 1 
7 0 0 0 2 0 0 0 6 
0 6 0 0 0 0 2 8 0 
0 0 0 4 1 9 0 0 5 
0 0 0 0 8 0 0 7 9 
5 3 1 6 7 4 8 9 2 
6 2 4 1 9 5 0 0 0 
0 9 8 0 0 0 0 6 0 
8 0 0 0 6 0 0 0 3 
4 0 0 8 0 3 0 0 1 
7 0 0 0 2 0 0 0 6 
0 6 0 0 0 0 2 8 0 
0 0 0 4 1 9 0 0 5 
0 0 0 0 8 0 0 7 9 
5 3 1 6 7 4 8 9 2 
6 2 4 1 9 5 0 0 0 
0 9 8 0 0 0 0 6 0 
8 0 0 0 6 0 0 0 3 
4 0 0 8 0 3 0 0 1 
7 0 0 0 2 0 0 0 6 
0 6 0 0 0 0 2 8 0 
0 0 0 4 1 9 0 0 5 
0 0 0 0 8 0 0 7 9 
5 3 1 6 7 4 8 9 2 
6 2 4 1 9 5 0 0 0 
0 9 8 0 0 0 0 6 0 
8 0 0 0 6 0 0 0 3 
4 0 0 8 0 3 0 0 1 
7 0 0 0 2 0 0 0 6 
0 6 0 0 0 0 2 8 0 
0 0 0 4 1 9 0 0 5 
0 0 0 0 8 0 0 7 9 
5 3 1 6 7 4 8 9 2 
6 2 4 1 9 5 3 0 0 
0 9 8 0 0 0 0 6 0 
8 0 0 0 6 0 0 0 3 
4 0 0 8 0 3 0 0 1 
7 0 0 0 2 0 0 0 6 
0 6 0 0 0 0 2 8 0 
0 0 0 4 1 9 0 0 5 
0 0 0 0 8 0 0 7 9 
5 3 1 6 7 4 8 9 2 
6 2 4 1 9 5 7 0 0 
0 9 8 0 0 0 0 6 0 
8 0 0 0 6 0 0 0 3 
4 0 0 8 0 3 0 0 1 
7 0 0 0 2 0 0 0 6 
0 6 0 0 0 0 2 8 0 
0 0 0 4 1 9 0 0 5 
0 0 0 0 8 0 0 7 9 
5 3 1 6 7 4 8 9 2 
6 2 4 1 9 5 7 3 0 
0 9 8 0 0 0 0 6 0 
8 0 0 0 6 0 0 0 3 
4 0 0 8 0 3 0 0 1 
7 0 0 0 2 0 0 0 6 
0 6 0 0 0 0 2 8 0 
0 0 0 4 1 9 0 0 5 
0 0 0 0 8 0 0 7 9 
5 3 1 6 7 4 8 9 2 
6 2 7 1 9 5 0 0 0 
0 9 8 0 0 0 0 6 0 
8 0 0 0 6 0 0 0 3 
4 0 0 8 0 3 0 0 1 
7 0 0 0 2 0 0 0 6 
0 6 0 0 0 0 2 8 0 
0 0 0 4 1 9 0 0 5 
0 0 0 0 8 0 0 7 9 
5 3 1 6 7 4 8 9 2 
6 2 7 1 9 5 0 0 0 
0 9 8 0 0 0 0 6 0 
8 0 0 0 6 0 0 0 3 
4 0 0 8 0 3 0 0 1 
7 0 0 0 2 0 0 0 6 
0 6 0 0 0 0 2 8 0 
0 0 0 4 1 9 0 0 5 
0 0 0 0 8 0 0 7 9 
5 3 1 6 7 4 8 9 2 
6 2 7 1 9 5 0 0 0 
0 9 8 0 0 0 0 6 0 
8 0 0 0 6 0 0 0 3 
4 0 0 8 0 3 0 0 1 
7 0 0 0 2 0 0 0 6 
0 6 0 0 0 0 2 8 0 
0 0 0 4 1 9 0 0 5 
0 0 0 0 8 0 0 7 9 
5 3 1 6 7 4 8 9 2 
6 2 7 1 9 5 0 0 0 
0 9 8 0 0 0 0 6 0 
8 0 0 0 6 0 0 0 3 
4 0 0 8 0 3 0 0 1 
7 0 0 0 2 0 0 0 6 
0 6 0 0 0 0 2 8 0 
0 0 0 4 1 9 0 0 5 
0 0 0 0 8 0 0 7 9 
5 3 1 6 7 4 8 9 2 
6 2 7 1 9 5 3 0 0 
0 9 8 0 0 0 0 6 0 
8 0 0 0 6 0 0 0 3 
4 0 0 8 0 3 0 0 1 
7 0 0 0 2 0 0 0 6 
0 6 0 0 0 0 2 8 0 
0 0 0 4 1 9 0 0 5 
0 0 0 0 8 0 0 7 9 
5 3 1 6 7 4 8 9 2 
6 2 7 1 9 5 3 4 0 
0 9 8 0 0 0 0 6 0 
8 0 0 0 6 0 0 0 3 
4 0 0 8 0 3 0 0 1 
7 0 0 0 2 0 0 0 6 
0 6 0 0 0 0 2 8 0 
0 0 0 4 1 9 0 0 5 
0 0 0 0 8 0 0 7 9 
5 3 1 6 7 4 8 9 2 
6 2 7 1 9 5 4 0 0 
0 9 8 0 0 0 0 6 0 
8 0 0 0 6 0 0 0 3 
4 0 0 8 0 3 0 0 1 
7 0 0 0 2 0 0 0 6 
0 6 0 0 0 0 2 8 0 
0 0 0 4 1 9 0 0 5 
0 0 0 0 8 0 0 7 9 
5 3 1 6 7 4 8 9 2 
6 2 7 1 9 5 4 3 0 
0 9 8 0 0 0 0 6 0 
8 0 0 0 6 0 0 0 3 
4 0 0 8 0 3 0 0 1 
7 0 0 0 2 0 0 0 6 
0 6 0 0 0 0 2 8 0 
0 0 0 4 1 9 0 0 5 
0 0 0 0 8 0 0 7 9 
5 3 1 6 7 4 8 9 2 
6 4 0 1 9 5 0 0 0 
0 9 8 0 0 0 0 6 0 
8 0 0 0 6 0 0 0 3 
4 0 0 8 0 3 0 0 1 
7 0 0 0 2 0 0 0 6 
0 6 0 0 0 0 2 8 0 
0 0 0 4 1 9 0 0 5 
0 0 0 0 8 0 0 7 9 
5 3 1 6 7 4 8 9 2 
6 4 2 1 9 5 0 0 0 
0 9 8 0 0 0 0 6 0 
8 0 0 0 6 0 0 0 3 
4 0 0 8 0 3 0 0 1 
7 0 0 0 2 0 0 0 6 
0 6 0 0 0 0 2 8 0 
0 0 0 4 1 9 0 0 5 
0 0 0 0 8 0 0 7 9 
5 3 1 6 7 4 8 9 2 
6 4 2 1 9 5 0 0 0 
0 9 8 0 0 0 0 6 0 
8 0 0 0 6 0 0 0 3 
4 0 0 8 0 3 0 0 1 
7 0 0 0 2 0 0 0 6 
0 6 0 0 0 0 2 8 0 
0 0 0 4 1 9 0 0 5 
0 0 0 0 8 0 0 7 9 
5 3 1 6 7 4 8 9 2 
6 4 2 1 9 5 0 0 0 
0 9 8 0 0 0 0 6 0 
8 0 0 0 6 0 0 0 3 
4 0 0 8 0 3 0 0 1 
7 0 0 0 2 0 0 0 6 
0 6 0 0 0 0 2 8 0 
0 0 0 4 1 9 0 0 5 
0 0 0 0 8 0 0 7 9 
5 3 1 6 7 4 8 9 2 
6 4 2 1 9 5 0 0 0 
0 9 8 0 0 0 0 6 0 
8 0 0 0 6 0 0 0 3 
4 0 0 8 0 3 0 0 1 
7 0 0 0 2 0 0 0 6 
0 6 0 0 0 0 2 8 0 
0 0 0 4 1 9 0 0 5 
0 0 0 0 8 0 0 7 9 
5 3 1 6 7 4 8 9 2 
6 4 2 1 9 5 3 0 0 
0 9 8 0 0 0 0 6 0 
8 0 0 0 6 0 0 0 3 
4 0 0 8 0 3 0 0 1 
7 0 0 0 2 0 0 0 6 
0 6 0 0 0 0 2 8 0 
0 0 0 4 1 9 0 0 5 
0 0 0 0 8 0 0 7 9 
5 3 1 6 7 4 8 9 2 
6 4 2 1 9 5 7 0 0 
0 9 8 0 0 0 0 6 0 
8 0 0 0 6 0 0 0 3 
4 0 0 8 0 3 0 0 1 
7 0 0 0 2 0 0 0 6 
0 6 0 0 0 0 2 8 0 
0 0 0 4 1 9 0 0 5 
0 0 0 0 8 0 0 7 9 
5 3 1 6 7 4 8 9 2 
6 4 2 1 9 5 7 3 0 
0 9 8 0 0 0 0 6 0 
8 0 0 0 6 0 0 0 3 
4 0 0 8 0 3 0 0 1 
7 0 0 0 2 0 0 0 6 
0 6 0 0 0 0 2 8 0 
0 0 0 4 1 9 0 0 5 
0 0 0 0 8 0 0 7 9 
5 3 1 6 7 4 8 9 2 
6 4 7 1 9 5 0 0 0 
0 9 8 0 0 0 0 6 0 
8 0 0 0 6 0 0 0 3 
4 0 0 8 0 3 0 0 1 
7 0 0 0 2 0 0 0 6 
0 6 0 0 0 0 2 8 0 
0 0 0 4 1 9 0 0 5 
0 0 0 0 8 0 0 7 9 
5 3 1 6 7 4 8 9 2 
6 4 7 1 9 5 0 0 0 
0 9 8 0 0 0 0 6 0 
8 0 0 0 6 0 0 0 3 
4 0 0 8 0 3 0 0 1 
7 0 0 0 2 0 0 0 6 
0 6 0 0 0 0 2 8 0 
0 0 0 4 1 9 0 0 5 
0 0 0 0 8 0 0 7 9 
5 3 1 6 7 4 8 9 2 
6 4 7 1 9 5 0 0 0 
0 9 8 0 0 0 0 6 0 
8 0 0 0 6 0 0 0 3 
4 0 0 8 0 3 0 0 1 
7 0 0 0 2 0 0 0 6 
0 6 0 0 0 0 2 8 0 
0 0 0 4 1 9 0 0 5 
0 0 0 0 8 0 0 7 9 
5 3 1 6 7 4 8 9 2 
6 4 7 1 9 5 0 0 0 
0 9 8 0 0 0 0 6 0 
8 0 0 0 6 0 0 0 3 
4 0 0 8 0 3 0 0 1 
7 0 0 0 2 0 0 0 6 
0 6 0 0 0 0 2 8 0 
0 0 0 4 1 9 0 0 5 
0 0 0 0 8 0 0 7 9 
5 3 1 6 7 4 8 9 2 
6 4 7 1 9 5 3 0 0 
0 9 8 0 0 0 0 6 0 
8 0 0 0 6 0 0 0 3 
4 0 0 8 0 3 0 0 1 
7 0 0 0 2 0 0 0 6 
0 6 0 0 0 0 2 8 0 
0 0 0 4 1 9 0 0 5 
0 0 0 0 8 0 0 7 9 
5 3 1 6 7 4 8 9 2 
6 7 0 1 9 5 0 0 0 
0 9 8 0 0 0 0 6 0 
8 0 0 0 6 0 0 0 3 
4 0 0 8 0 3 0 0 1 
7 0 0 0 2 0 0 0 6 
0 6 0 0 0 0 2 8 0 
0 0 0 4 1 9 0 0 5 
0 0 0 0 8 0 0 7 9 
5 3 1 6 7 4 8 9 2 
6 7 2 1 9 5 0 0 0 
0 9 8 0 0 0 0 6 0 
8 0 0 0 6 0 0 0 3 
4 0 0 8 0 3 0 0 1 
7 0 0 0 2 0 0 0 6 
0 6 0 0 0 0 2 8 0 
0 0 0 4 1 9 0 0 5 
0 0 0 0 8 0 0 7 9 
5 3 1 6 7 4 8 9 2 
6 7 2 1 9 5 0 0 0 
0 9 8 0 0 0 0 6 0 
8 0 0 0 6 0 0 0 3 
4 0 0 8 0 3 0 0 1 
7 0 0 0 2 0 0 0 6 
0 6 0 0 0 0 2 8 0 
0 0 0 4 1 9 0 0 5 
0 0 0 0 8 0 0 7 9 
5 3 1 6 7 4 8 9 2 
6 7 2 1 9 5 0 0 0 
0 9 8 0 0 0 0 6 0 
8 0 0 0 6 0 0 0 3 
4 0 0 8 0 3 0 0 1 
7 0 0 0 2 0 0 0 6 
0 6 0 0 0 0 2 8 0 
0 0 0 4 1 9 0 0 5 
0 0 0 0 8 0 0 7 9 
5 3 1 6 7 4 8 9 2 
6 7 2 1 9 5 0 0 0 
0 9 8 0 0 0 0 6 0 
8 0 0 0 6 0 0 0 3 
4 0 0 8 0 3 0 0 1 
7 0 0 0 2 0 0 0 6 
0 6 0 0 0 0 2 8 0 
0 0 0 4 1 9 0 0 5 
0 0 0 0 8 0 0 7 9 
5 3 1 6 7 4 8 9 2 
6 7 2 1 9 5 3 0 0 
0 9 8 0 0 0 0 6 0 
8 0 0 0 6 0 0 0 3 
4 0 0 8 0 3 0 0 1 
7 0 0 0 2 0 0 0 6 
0 6 0 0 0 0 2 8 0 
0 0 0 4 1 9 0 0 5 
0 0 0 0 8 0 0 7 9 
5 3 1 6 7 4 8 9 2 
6 7 2 1 9 5 3 4 0 
0 9 8 0 0 0 0 6 0 
8 0 0 0 6 0 0 0 3 
4 0 0 8 0 3 0 0 1 
7 0 0 0 2 0 0 0 6 
0 6 0 0 0 0 2 8 0 
0 0 0 4 1 9 0 0 5 
0 0 0 0 8 0 0 7 9 
5 3 1 6 7 4 8 9 2 
6 7 2 1 9 5 4 0 0 
0 9 8 0 0 0 0 6 0 
8 0 0 0 6 0 0 0 3 
4 0 0 8 0 3 0 0 1 
7 0 0 0 2 0 0 0 6 
0 6 0 0 0 0 2 8 0 
0 0 0 4 1 9 0 0 5 
0 0 0 0 8 0 0 7 9 
5 3 1 6 7 4 8 9 2 
6 7 2 1 9 5 4 3 0 
0 9 8 0 0 0 0 6 0 
8 0 0 0 6 0 0 0 3 
4 0 0 8 0 3 0 0 1 
7 0 0 0 2 0 0 0 6 
0 6 0 0 0 0 2 8 0 
0 0 0 4 1 9 0 0 5 
0 0 0 0 8 0 0 7 9 
5 3 1 6 7 4 8 9 2 
6 7 4 1 9 5 0 0 0 
0 9 8 0 0 0 0 6 0 
8 0 0 0 6 0 0 0 3 
4 0 0 8 0 3 0 0 1 
7 0 0 0 2 0 0 0 6 
0 6 0 0 0 0 2 8 0 
0 0 0 4 1 9 0 0 5 
0 0 0 0 8 0 0 7 9 
5 3 1 6 7 4 8 9 2 
6 7 4 1 9 5 0 0 0 
0 9 8 0 0 0 0 6 0 
8 0 0 0 6 0 0 0 3 
4 0 0 8 0 3 0 0 1 
7 0 0 0 2 0 0 0 6 
0 6 0 0 0 0 2 8 0 
0 0 0 4 1 9 0 0 5 
0 0 0 0 8 0 0 7 9 
5 3 1 6 7 4 8 9 2 
6 7 4 1 9 5 0 0 0 
0 9 8 0 0 0 0 6 0 
8 0 0 0 6 0 0 0 3 
4 0 0 8 0 3 0 0 1 
7 0 0 0 2 0 0 0 6 
0 6 0 0 0 0 2 8 0 
0 0 0 4 1 9 0 0 5 
0 0 0 0 8 0 0 7 9 
5 3 1 6 7 4 8 9 2 
6 7 4 1 9 5 0 0 0 
0 9 8 0 0 0 0 6 0 
8 0 0 0 6 0 0 0 3 
4 0 0 8 0 3 0 0 1 
7 0 0 0 2 0 0 0 6 
0 6 0 0 0 0 2 8 0 
0 0 0 4 1 9 0 0 5 
0 0 0 0 8 0 0 7 9 
5 3 1 6 7 4 8 9 2 
6 7 4 1 9 5 3 0 0 
0 9 8 0 0 0 0 6 0 
8 0 0 0 6 0 0 0 3 
4 0 0 8 0 3 0 0 1 
7 0 0 0 2 0 0 0 6 
0 6 0 0 0 0 2 8 0 
0 0 0 4 1 9 0 0 5 
0 0 0 0 8 0 0 7 9 
5 3 1 6 7 4 9 0 0 
6 0 0 1 9 5 0 0 0 
0 9 8 0 0 0 0 6 0 
8 0 0 0 6 0 0 0 3 
4 0 0 8 0 3 0 0 1 
7 0 0 0 2 0 0 0 6 
0 6 0 0 0 0 2 8 0 
0 0 0 4 1 9 0 0 5 
0 0 0 0 8 0 0 7 9 
5 3 1 6 7 4 9 2 0 
6 0 0 1 9 5 0 0 0 
0 9 8 0 0 0 0 6 0 
8 0 0 0 6 0 0 0 3 
4 0 0 8 0 3 0 0 1 
7 0 0 0 2 0 0 0 6 
0 6 0 0 0 0 2 8 0 
0 0 0 4 1 9 0 0 5 
0 0 0 0 8 0 0 7 9 
5 3 1 6 7 4 9 2 8 
6 0 0 1 9 5 0 0 0 
0 9 8 0 0 0 0 6 0 
8 0 0 0 6 0 0 0 3 
4 0 0 8 0 3 0 0 1 
7 0 0 0 2 0 0 0 6 
0 6 0 0 0 0 2 8 0 
0 0 0 4 1 9 0 0 5 
0 0 0 0 8 0 0 7 9 
5 3 1 6 7 4 9 2 8 
6 0 0 1 9 5 0 0 0 
0 9 8 0 0 0 0 6 0 
8 0 0 0 6 0 0 0 3 
4 0 0 8 0 3 0 0 1 
7 0 0 0 2 0 0 0 6 
0 6 0 0 0 0 2 8 0 
0 0 0 4 1 9 0 0 5 
0 0 0 0 8 0 0 7 9 
5 3 1 6 7 4 9 2 8 
6 2 0 1 9 5 0 0 0 
0 9 8 0 0 0 0 6 0 
8 0 0 0 6 0 0 0 3 
4 0 0 8 0 3 0 0 1 
7 0 0 0 2 0 0 0 6 
0 6 0 0 0 0 2 8 0 
0 0 0 4 1 9 0 0 5 
0 0 0 0 8 0 0 7 9 
5 3 1 6 7 4 9 2 8 
6 2 4 1 9 5 0 0 0 
0 9 8 0 0 0 0 6 0 
8 0 0 0 6 0 0 0 3 
4 0 0 8 0 3 0 0 1 
7 0 0 0 2 0 0 0 6 
0 6 0 0 0 0 2 8 0 
0 0 0 4 1 9 0 0 5 
0 0 0 0 8 0 0 7 9 
5 3 1 6 7 4 9 2 8 
6 2 4 1 9 5 0 0 0 
0 9 8 0 0 0 0 6 0 
8 0 0 0 6 0 0 0 3 
4 0 0 8 0 3 0 0 1 
7 0 0 0 2 0 0 0 6 
0 6 0 0 0 0 2 8 0 
0 0 0 4 1 9 0 0 5 
0 0 0 0 8 0 0 7 9 
5 3 1 6 7 4 9 2 8 
6 2 4 1 9 5 0 0 0 
0 9 8 0 0 0 0 6 0 
8 0 0 0 6 0 0 0 3 
4 0 0 8 0 3 0 0 1 
7 0 0 0 2 0 0 0 6 
0 6 0 0 0 0 2 8 0 
0 0 0 4 1 9 0 0 5 
0 0 0 0 8 0 0 7 9 
5 3 1 6 7 4 9 2 8 
6 2 4 1 9 5 0 0 0 
0 9 8 0 0 0 0 6 0 
8 0 0 0 6 0 0 0 3 
4 0 0 8 0 3 0 0 1 
7 0 0 0 2 0 0 0 6 
0 6 0 0 0 0 2 8 0 
0 0 0 4 1 9 0 0 5 
0 0 0 0 8 0 0 7 9 
5 3 1 6 7 4 9 2 8 
6 2 4 1 9 5 3 0 0 
0 9 8 0 0 0 0 6 0 
8 0 0 0 6 0 0 0 3 
4 0 0 8 0 3 0 0 1 
7 0 0 0 2 0 0 0 6 
0 6 0 0 0 0 2 8 0 
0 0 0 4 1 9 0 0 5 
0 0 0 0 8 0 0 7 9 
5 3 1 6 7 4 9 2 8 
6 2 4 1 9 5 7 0 0 
0 9 8 0 0 0 0 6 0 
8 0 0 0 6 0 0 0 3 
4 0 0 8 0 3 0 0 1 
7 0 0 0 2 0 0 0 6 
0 6 0 0 0 0 2 8 0 
0 0 0 4 1 9 0 0 5 
0 0 0 0 8 0 0 7 9 
5 3 1 6 7 4 9 2 8 
6 2 4 1 9 5 7 3 0 
0 9 8 0 0 0 0 6 0 
8 0 0 0 6 0 0 0 3 
4 0 0 8 0 3 0 0 1 
7 0 0 0 2 0 0 0 6 
0 6 0 0 0 0 2 8 0 
0 0 0 4 1 9 0 0 5 
0 0 0 0 8 0 0 7 9 
5 3 1 6 7 4 9 2 8 
6 2 7 1 9 5 0 0 0 
0 9 8 0 0 0 0 6 0 
8 0 0 0 6 0 0 0 3 
4 0 0 8 0 3 0 0 1 
7 0 0 0 2 0 0 0 6 
0 6 0 0 0 0 2 8 0 
0 0 0 4 1 9 0 0 5 
0 0 0 0 8 0 0 7 9 
5 3 1 6 7 4 9 2 8 
6 2 7 1 9 5 0 0 0 
0 9 8 0 0 0 0 6 0 
8 0 0 0 6 0 0 0 3 
4 0 0 8 0 3 0 0 1 
7 0 0 0 2 0 0 0 6 
0 6 0 0 0 0 2 8 0 
0 0 0 4 1 9 0 0 5 
0 0 0 0 8 0 0 7 9 
5 3 1 6 7 4 9 2 8 
6 2 7 1 9 5 0 0 0 
0 9 8 0 0 0 0 6 0 
8 0 0 0 6 0 0 0 3 
4 0 0 8 0 3 0 0 1 
7 0 0 0 2 0 0 0 6 
0 6 0 0 0 0 2 8 0 
0 0 0 4 1 9 0 0 5 
0 0 0 0 8 0 0 7 9 
5 3 1 6 7 4 9 2 8 
6 2 7 1 9 5 0 0 0 
0 9 8 0 0 0 0 6 0 
8 0 0 0 6 0 0 0 3 
4 0 0 8 0 3 0 0 1 
7 0 0 0 2 0 0 0 6 
0 6 0 0 0 0 2 8 0 
0 0 0 4 1 9 0 0 5 
0 0 0 0 8 0 0 7 9 
5 3 1 6 7 4 9 2 8 
6 2 7 1 9 5 3 0 0 
0 9 8 0 0 0 0 6 0 
8 0 0 0 6 0 0 0 3 
4 0 0 8 0 3 0 0 1 
7 0 0 0 2 0 0 0 6 
0 6 0 0 0 0 2 8 0 
0 0 0 4 1 9 0 0 5 
0 0 0 0 8 0 0 7 9 
5 3 1 6 7 4 9 2 8 
6 2 7 1 9 5 3 4 0 
0 9 8 0 0 0 0 6 0 
8 0 0 0 6 0 0 0 3 
4 0 0 8 0 3 0 0 1 
7 0 0 0 2 0 0 0 6 
0 6 0 0 0 0 2 8 0 
0 0 0 4 1 9 0 0 5 
0 0 0 0 8 0 0 7 9 
5 3 1 6 7 4 9 2 8 
6 2 7 1 9 5 4 0 0 
0 9 8 0 0 0 0 6 0 
8 0 0 0 6 0 0 0 3 
4 0 0 8 0 3 0 0 1 
7 0 0 0 2 0 0 0 6 
0 6 0 0 0 0 2 8 0 
0 0 0 4 1 9 0 0 5 
0 0 0 0 8 0 0 7 9 
5 3 1 6 7 4 9 2 8 
6 2 7 1 9 5 4 3 0 
0 9 8 0 0 0 0 6 0 
8 0 0 0 6 0 0 0 3 
4 0 0 8 0 3 0 0 1 
7 0 0 0 2 0 0 0 6 
0 6 0 0 0 0 2 8 0 
0 0 0 4 1 9 0 0 5 
0 0 0 0 8 0 0 7 9 
5 3 1 6 7 4 9 2 8 
6 4 0 1 9 5 0 0 0 
0 9 8 0 0 0 0 6 0 
8 0 0 0 6 0 0 0 3 
4 0 0 8 0 3 0 0 1 
7 0 0 0 2 0 0 0 6 
0 6 0 0 0 0 2 8 0 
0 0 0 4 1 9 0 0 5 
0 0 0 0 8 0 0 7 9 
5 3 1 6 7 4 9 2 8 
6 4 2 1 9 5 0 0 0 
0 9 8 0 0 0 0 6 0 
8 0 0 0 6 0 0 0 3 
4 0 0 8 0 3 0 0 1 
7 0 0 0 2 0 0 0 6 
0 6 0 0 0 0 2 8 0 
0 0 0 4 1 9 0 0 5 
0 0 0 0 8 0 0 7 9 
5 3 1 6 7 4 9 2 8 
6 4 2 1 9 5 0 0 0 
0 9 8 0 0 0 0 6 0 
8 0 0 0 6 0 0 0 3 
4 0 0 8 0 3 0 0 1 
7 0 0 0 2 0 0 0 6 
0 6 0 0 0 0 2 8 0 
0 0 0 4 1 9 0 0 5 
0 0 0 0 8 0 0 7 9 
5 3 1 6 7 4 9 2 8 
6 4 2 1 9 5 0 0 0 
0 9 8 0 0 0 0 6 0 
8 0 0 0 6 0 0 0 3 
4 0 0 8 0 3 0 0 1 
7 0 0 0 2 0 0 0 6 
0 6 0 0 0 0 2 8 0 
0 0 0 4 1 9 0 0 5 
0 0 0 0 8 0 0 7 9 
5 3 1 6 7 4 9 2 8 
6 4 2 1 9 5 0 0 0 
0 9 8 0 0 0 0 6 0 
8 0 0 0 6 0 0 0 3 
4 0 0 8 0 3 0 0 1 
7 0 0 0 2 0 0 0 6 
0 6 0 0 0 0 2 8 0 
0 0 0 4 1 9 0 0 5 
0 0 0 0 8 0 0 7 9 
5 3 1 6 7 4 9 2 8 
6 4 2 1 9 5 3 0 0 
0 9 8 0 0 0 0 6 0 
8 0 0 0 6 0 0 0 3 
4 0 0 8 0 3 0 0 1 
7 0 0 0 2 0 0 0 6 
0 6 0 0 0 0 2 8 0 
0 0 0 4 1 9 0 0 5 
0 0 0 0 8 0 0 7 9 
5 3 1 6 7 4 9 2 8 
6 4 2 1 9 5 7 0 0 
0 9 8 0 0 0 0 6 0 
8 0 0 0 6 0 0 0 3 
4 0 0 8 0 3 0 0 1 
7 0 0 0 2 0 0 0 6 
0 6 0 0 0 0 2 8 0 
0 0 0 4 1 9 0 0 5 
0 0 0 0 8 0 0 7 9 
5 3 1 6 7 4 9 2 8 
6 4 2 1 9 5 7 3 0 
0 9 8 0 0 0 0 6 0 
8 0 0 0 6 0 0 0 3 
4 0 0 8 0 3 0 0 1 
7 0 0 0 2 0 0 0 6 
0 6 0 0 0 0 2 8 0 
0 0 0 4 1 9 0 0 5 
0 0 0 0 8 0 0 7 9 
5 3 1 6 7 4 9 2 8 
6 4 7 1 9 5 0 0 0 
0 9 8 0 0 0 0 6 0 
8 0 0 0 6 0 0 0 3 
4 0 0 8 0 3 0 0 1 
7 0 0 0 2 0 0 0 6 
0 6 0 0 0 0 2 8 0 
0 0 0 4 1 9 0 0 5 
0 0 0 0 8 0 0 7 9 
5 3 1 6 7 4 9 2 8 
6 4 7 1 9 5 0 0 0 
0 9 8 0 0 0 0 6 0 
8 0 0 0 6 0 0 0 3 
4 0 0 8 0 3 0 0 1 
7 0 0 0 2 0 0 0 6 
0 6 0 0 0 0 2 8 0 
0 0 0 4 1 9 0 0 5 
0 0 0 0 8 0 0 7 9 
5 3 1 6 7 4 9 2 8 
6 4 7 1 9 5 0 0 0 
0 9 8 0 0 0 0 6 0 
8 0 0 0 6 0 0 0 3 
4 0 0 8 0 3 0 0 1 
7 0 0 0 2 0 0 0 6 
0 6 0 0 0 0 2 8 0 
0 0 0 4 1 9 0 0 5 
0 0 0 0 8 0 0 7 9 
5 3 1 6 7 4 9 2 8 
6 4 7 1 9 5 0 0 0 
0 9 8 0 0 0 0 6 0 
8 0 0 0 6 0 0 0 3 
4 0 0 8 0 3 0 0 1 
7 0 0 0 2 0 0 0 6 
0 6 0 0 0 0 2 8 0 
0 0 0 4 1 9 0 0 5 
0 0 0 0 8 0 0 7 9 
5 3 1 6 7 4 9 2 8 
6 4 7 1 9 5 3 0 0 
0 9 8 0 0 0 0 6 0 
8 0 0 0 6 0 0 0 3 
4 0 0 8 0 3 0 0 1 
7 0 0 0 2 0 0 0 6 
0 6 0 0 0 0 2 8 0 
0 0 0 4 1 9 0 0 5 
0 0 0 0 8 0 0 7 9 
5 3 1 6 7 4 9 2 8 
6 7 0 1 9 5 0 0 0 
0 9 8 0 0 0 0 6 0 
8 0 0 0 6 0 0 0 3 
4 0 0 8 0 3 0 0 1 
7 0 0 0 2 0 0 0 6 
0 6 0 0 0 0 2 8 0 
0 0 0 4 1 9 0 0 5 
0 0 0 0 8 0 0 7 9 
5 3 1 6 7 4 9 2 8 
6 7 2 1 9 5 0 0 0 
0 9 8 0 0 0 0 6 0 
8 0 0 0 6 0 0 0 3 
4 0 0 8 0 3 0 0 1 
7 0 0 0 2 0 0 0 6 
0 6 0 0 0 0 2 8 0 
0 0 0 4 1 9 0 0 5 
0 0 0 0 8 0 0 7 9 
5 3 1 6 7 4 9 2 8 
6 7 2 1 9 5 0 0 0 
0 9 8 0 0 0 0 6 0 
8 0 0 0 6 0 0 0 3 
4 0 0 8 0 3 0 0 1 
7 0 0 0 2 0 0 0 6 
0 6 0 0 0 0 2 8 0 
0 0 0 4 1 9 0 0 5 
0 0 0 0 8 0 0 7 9 
5 3 1 6 7 4 9 2 8 
6 7 2 1 9 5 0 0 0 
0 9 8 0 0 0 0 6 0 
8 0 0 0 6 0 0 0 3 
4 0 0 8 0 3 0 0 1 
7 0 0 0 2 0 0 0 6 
0 6 0 0 0 0 2 8 0 
0 0 0 4 1 9 0 0 5 
0 0 0 0 8 0 0 7 9 
5 3 1 6 7 4 9 2 8 
6 7 2 1 9 5 0 0 0 
0 9 8 0 0 0 0 6 0 
8 0 0 0 6 0 0 0 3 
4 0 0 8 0 3 0 0 1 
7 0 0 0 2 0 0 0 6 
0 6 0 0 0 0 2 8 0 
0 0 0 4 1 9 0 0 5 
0 0 0 0 8 0 0 7 9 
5 3 1 6 7 4 9 2 8 
6 7 2 1 9 5 3 0 0 
0 9 8 0 0 0 0 6 0 
8 0 0 0 6 0 0 0 3 
4 0 0 8 0 3 0 0 1 
7 0 0 0 2 0 0 0 6 
0 6 0 0 0 0 2 8 0 
0 0 0 4 1 9 0 0 5 
0 0 0 0 8 0 0 7 9 
5 3 1 6 7 4 9 2 8 
6 7 2 1 9 5 3 4 0 
0 9 8 0 0 0 0 6 0 
8 0 0 0 6 0 0 0 3 
4 0 0 8 0 3 0 0 1 
7 0 0 0 2 0 0 0 6 
0 6 0 0 0 0 2 8 0 
0 0 0 4 1 9 0 0 5 
0 0 0 0 8 0 0 7 9 
5 3 1 6 7 4 9 2 8 
6 7 2 1 9 5 4 0 0 
0 9 8 0 0 0 0 6 0 
8 0 0 0 6 0 0 0 3 
4 0 0 8 0 3 0 0 1 
7 0 0 0 2 0 0 0 6 
0 6 0 0 0 0 2 8 0 
0 0 0 4 1 9 0 0 5 
0 0 0 0 8 0 0 7 9 
5 3 1 6 7 4 9 2 8 
6 7 2 1 9 5 4 3 0 
0 9 8 0 0 0 0 6 0 
8 0 0 0 6 0 0 0 3 
4 0 0 8 0 3 0 0 1 
7 0 0 0 2 0 0 0 6 
0 6 0 0 0 0 2 8 0 
0 0 0 4 1 9 0 0 5 
0 0 0 0 8 0 0 7 9 
5 3 1 6 7 4 9 2 8 
6 7 4 1 9 5 0 0 0 
0 9 8 0 0 0 0 6 0 
8 0 0 0 6 0 0 0 3 
4 0 0 8 0 3 0 0 1 
7 0 0 0 2 0 0 0 6 
0 6 0 0 0 0 2 8 0 
0 0 0 4 1 9 0 0 5 
0 0 0 0 8 0 0 7 9 
5 3 1 6 7 4 9 2 8 
6 7 4 1 9 5 0 0 0 
0 9 8 0 0 0 0 6 0 
8 0 0 0 6 0 0 0 3 
4 0 0 8 0 3 0 0 1 
7 0 0 0 2 0 0 0 6 
0 6 0 0 0 0 2 8 0 
0 0 0 4 1 9 0 0 5 
0 0 0 0 8 0 0 7 9 
5 3 1 6 7 4 9 2 8 
6 7 4 1 9 5 0 0 0 
0 9 8 0 0 0 0 6 0 
8 0 0 0 6 0 0 0 3 
4 0 0 8 0 3 0 0 1 
7 0 0 0 2 0 0 0 6 
0 6 0 0 0 0 2 8 0 
0 0 0 4 1 9 0 0 5 
0 0 0 0 8 0 0 7 9 
5 3 1 6 7 4 9 2 8 
6 7 4 1 9 5 0 0 0 
0 9 8 0 0 0 0 6 0 
8 0 0 0 6 0 0 0 3 
4 0 0 8 0 3 0 0 1 
7 0 0 0 2 0 0 0 6 
0 6 0 0 0 0 2 8 0 
0 0 0 4 1 9 0 0 5 
0 0 0 0 8 0 0 7 9 
5 3 1 6 7 4 9 2 8 
6 7 4 1 9 5 3 0 0 
0 9 8 0 0 0 0 6 0 
8 0 0 0 6 0 0 0 3 
4 0 0 8 0 3 0 0 1 
7 0 0 0 2 0 0 0 6 
0 6 0 0 0 0 2 8 0 
0 0 0 4 1 9 0 0 5 
0 0 0 0 8 0 0 7 9 
5 3 1 6 7 8 0 0 0 
6 0 0 1 9 5 0 0 0 
0 9 8 0 0 0 0 6 0 
8 0 0 0 6 0 0 0 3 
4 0 0 8 0 3 0 0 1 
7 0 0 0 2 0 0 0 6 
0 6 0 0 0 0 2 8 0 
0 0 0 4 1 9 0 0 5 
0 0 0 0 8 0 0 7 9 
5 3 1 6 7 8 4 0 0 
6 0 0 1 9 5 0 0 0 
0 9 8 0 0 0 0 6 0 
8 0 0 0 6 0 0 0 3 
4 0 0 8 0 3 0 0 1 
7 0 0 0 2 0 0 0 6 
0 6 0 0 0 0 2 8 0 
0 0 0 4 1 9 0 0 5 
0 0 0 0 8 0 0 7 9 
5 3 1 6 7 8 4 2 0 
6 0 0 1 9 5 0 0 0 
0 9 8 0 0 0 0 6 0 
8 0 0 0 6 0 0 0 3 
4 0 0 8 0 3 0 0 1 
7 0 0 0 2 0 0 0 6 
0 6 0 0 0 0 2 8 0 
0 0 0 4 1 9 0 0 5 
0 0 0 0 8 0 0 7 9 
5 3 1 6 7 8 4 9 0 
6 0 0 1 9 5 0 0 0 
0 9 8 0 0 0 0 6 0 
8 0 0 0 6 0 0 0 3 
4 0 0 8 0 3 0 0 1 
7 0 0 0 2 0 0 0 6 
0 6 0 0 0 0 2 8 0 
0 0 0 4 1 9 0 0 5 
0 0 0 0 8 0 0 7 9 
5 3 1 6 7 8 4 9 2 
6 0 0 1 9 5 0 0 0 
0 9 8 0 0 0 0 6 0 
8 0 0 0 6 0 0 0 3 
4 0 0 8 0 3 0 0 1 
7 0 0 0 2 0 0 0 6 
0 6 0 0 0 0 2 8 0 
0 0 0 4 1 9 0 0 5 
0 0 0 0 8 0 0 7 9 
5 3 1 6 7 8 4 9 2 
6 0 0 1 9 5 0 0 0 
0 9 8 0 0 0 0 6 0 
8 0 0 0 6 0 0 0 3 
4 0 0 8 0 3 0 0 1 
7 0 0 0 2 0 0 0 6 
0 6 0 0 0 0 2 8 0 
0 0 0 4 1 9 0 0 5 
0 0 0 0 8 0 0 7 9 
5 3 1 6 7 8 4 9 2 
6 2 0 1 9 5 0 0 0 
0 9 8 0 0 0 0 6 0 
8 0 0 0 6 0 0 0 3 
4 0 0 8 0 3 0 0 1 
7 0 0 0 2 0 0 0 6 
0 6 0 0 0 0 2 8 0 
0 0 0 4 1 9 0 0 5 
0 0 0 0 8 0 0 7 9 
5 3 1 6 7 8 4 9 2 
6 2 4 1 9 5 0 0 0 
0 9 8 0 0 0 0 6 0 
8 0 0 0 6 0 0 0 3 
4 0 0 8 0 3 0 0 1 
7 0 0 0 2 0 0 0 6 
0 6 0 0 0 0 2 8 0 
0 0 0 4 1 9 0 0 5 
0 0 0 0 8 0 0 7 9 
5 3 1 6 7 8 4 9 2 
6 2 4 1 9 5 0 0 0 
0 9 8 0 0 0 0 6 0 
8 0 0 0 6 0 0 0 3 
4 0 0 8 0 3 0 0 1 
7 0 0 0 2 0 0 0 6 
0 6 0 0 0 0 2 8 0 
0 0 0 4 1 9 0 0 5 
0 0 0 0 8 0 0 7 9 
5 3 1 6 7 8 4 9 2 
6 2 4 1 9 5 0 0 0 
0 9 8 0 0 0 0 6 0 
8 0 0 0 6 0 0 0 3 
4 0 0 8 0 3 0 0 1 
7 0 0 0 2 0 0 0 6 
0 6 0 0 0 0 2 8 0 
0 0 0 4 1 9 0 0 5 
0 0 0 0 8 0 0 7 9 
5 3 1 6 7 8 4 9 2 
6 2 4 1 9 5 0 0 0 
0 9 8 0 0 0 0 6 0 
8 0 0 0 6 0 0 0 3 
4 0 0 8 0 3 0 0 1 
7 0 0 0 2 0 0 0 6 
0 6 0 0 0 0 2 8 0 
0 0 0 4 1 9 0 0 5 
0 0 0 0 8 0 0 7 9 
5 3 1 6 7 8 4 9 2 
6 2 4 1 9 5 3 0 0 
0 9 8 0 0 0 0 6 0 
8 0 0 0 6 0 0 0 3 
4 0 0 8 0 3 0 0 1 
7 0 0 0 2 0 0 0 6 
0 6 0 0 0 0 2 8 0 
0 0 0 4 1 9 0 0 5 
0 0 0 0 8 0 0 7 9 
5 3 1 6 7 8 4 9 2 
6 2 4 1 9 5 7 0 0 
0 9 8 0 0 0 0 6 0 
8 0 0 0 6 0 0 0 3 
4 0 0 8 0 3 0 0 1 
7 0 0 0 2 0 0 0 6 
0 6 0 0 0 0 2 8 0 
0 0 0 4 1 9 0 0 5 
0 0 0 0 8 0 0 7 9 
5 3 1 6 7 8 4 9 2 
6 2 4 1 9 5 7 3 0 
0 9 8 0 0 0 0 6 0 
8 0 0 0 6 0 0 0 3 
4 0 0 8 0 3 0 0 1 
7 0 0 0 2 0 0 0 6 
0 6 0 0 0 0 2 8 0 
0 0 0 4 1 9 0 0 5 
0 0 0 0 8 0 0 7 9 
5 3 1 6 7 8 4 9 2 
6 2 4 1 9 5 7 3 8 
0 9 8 0 0 0 0 6 0 
8 0 0 0 6 0 0 0 3 
4 0 0 8 0 3 0 0 1 
7 0 0 0 2 0 0 0 6 
0 6 0 0 0 0 2 8 0 
0 0 0 4 1 9 0 0 5 
0 0 0 0 8 0 0 7 9 
5 3 1 6 7 8 4 9 2 
6 2 4 1 9 5 8 0 0 
0 9 8 0 0 0 0 6 0 
8 0 0 0 6 0 0 0 3 
4 0 0 8 0 3 0 0 1 
7 0 0 0 2 0 0 0 6 
0 6 0 0 0 0 2 8 0 
0 0 0 4 1 9 0 0 5 
0 0 0 0 8 0 0 7 9 
5 3 1 6 7 8 4 9 2 
6 2 4 1 9 5 8 3 0 
0 9 8 0 0 0 0 6 0 
8 0 0 0 6 0 0 0 3 
4 0 0 8 0 3 0 0 1 
7 0 0 0 2 0 0 0 6 
0 6 0 0 0 0 2 8 0 
0 0 0 4 1 9 0 0 5 
0 0 0 0 8 0 0 7 9 
5 3 1 6 7 8 4 9 2 
6 2 4 1 9 5 8 3 7 
0 9 8 0 0 0 0 6 0 
8 0 0 0 6 0 0 0 3 
4 0 0 8 0 3 0 0 1 
7 0 0 0 2 0 0 0 6 
0 6 0 0 0 0 2 8 0 
0 0 0 4 1 9 0 0 5 
0 0 0 0 8 0 0 7 9 
5 3 1 6 7 8 4 9 2 
6 2 7 1 9 5 0 0 0 
0 9 8 0 0 0 0 6 0 
8 0 0 0 6 0 0 0 3 
4 0 0 8 0 3 0 0 1 
7 0 0 0 2 0 0 0 6 
0 6 0 0 0 0 2 8 0 
0 0 0 4 1 9 0 0 5 
0 0 0 0 8 0 0 7 9 
5 3 1 6 7 8 4 9 2 
6 2 7 1 9 5 0 0 0 
0 9 8 0 0 0 0 6 0 
8 0 0 0 6 0 0 0 3 
4 0 0 8 0 3 0 0 1 
7 0 0 0 2 0 0 0 6 
0 6 0 0 0 0 2 8 0 
0 0 0 4 1 9 0 0 5 
0 0 0 0 8 0 0 7 9 
5 3 1 6 7 8 4 9 2 
6 2 7 1 9 5 0 0 0 
0 9 8 0 0 0 0 6 0 
8 0 0 0 6 0 0 0 3 
4 0 0 8 0 3 0 0 1 
7 0 0 0 2 0 0 0 6 
0 6 0 0 0 0 2 8 0 
0 0 0 4 1 9 0 0 5 
0 0 0 0 8 0 0 7 9 
5 3 1 6 7 8 4 9 2 
6 2 7 1 9 5 0 0 0 
0 9 8 0 0 0 0 6 0 
8 0 0 0 6 0 0 0 3 
4 0 0 8 0 3 0 0 1 
7 0 0 0 2 0 0 0 6 
0 6 0 0 0 0 2 8 0 
0 0 0 4 1 9 0 0 5 
0 0 0 0 8 0 0 7 9 
5 3 1 6 7 8 4 9 2 
6 2 7 1 9 5 3 0 0 
0 9 8 0 0 0 0 6 0 
8 0 0 0 6 0 0 0 3 
4 0 0 8 0 3 0 0 1 
7 0 0 0 2 0 0 0 6 
0 6 0 0 0 0 2 8 0 
0 0 0 4 1 9 0 0 5 
0 0 0 0 8 0 0 7 9 
5 3 1 6 7 8 4 9 2 
6 2 7 1 9 5 8 0 0 
0 9 8 0 0 0 0 6 0 
8 0 0 0 6 0 0 0 3 
4 0 0 8 0 3 0 0 1 
7 0 0 0 2 0 0 0 6 
0 6 0 0 0 0 2 8 0 
0 0 0 4 1 9 0 0 5 
0 0 0 0 8 0 0 7 9 
5 3 1 6 7 8 4 9 2 
6 2 7 1 9 5 8 3 0 
0 9 8 0 0 0 0 6 0 
8 0 0 0 6 0 0 0 3 
4 0 0 8 0 3 0 0 1 
7 0 0 0 2 0 0 0 6 
0 6 0 0 0 0 2 8 0 
0 0 0 4 1 9 0 0 5 
0 0 0 0 8 0 0 7 9 
5 3 1 6 7 8 4 9 2 
6 4 0 1 9 5 0 0 0 
0 9 8 0 0 0 0 6 0 
8 0 0 0 6 0 0 0 3 
4 0 0 8 0 3 0 0 1 
7 0 0 0 2 0 0 0 6 
0 6 0 0 0 0 2 8 0 
0 0 0 4 1 9 0 0 5 
0 0 0 0 8 0 0 7 9 
5 3 1 6 7 8 4 9 2 
6 4 2 1 9 5 0 0 0 
0 9 8 0 0 0 0 6 0 
8 0 0 0 6 0 0 0 3 
4 0 0 8 0 3 0 0 1 
7 0 0 0 2 0 0 0 6 
0 6 0 0 0 0 2 8 0 
0 0 0 4 1 9 0 0 5 
0 0 0 0 8 0 0 7 9 
5 3 1 6 7 8 4 9 2 
6 4 2 1 9 5 0 0 0 
0 9 8 0 0 0 0 6 0 
8 0 0 0 6 0 0 0 3 
4 0 0 8 0 3 0 0 1 
7 0 0 0 2 0 0 0 6 
0 6 0 0 0 0 2 8 0 
0 0 0 4 1 9 0 0 5 
0 0 0 0 8 0 0 7 9 
5 3 1 6 7 8 4 9 2 
6 4 2 1 9 5 0 0 0 
0 9 8 0 0 0 0 6 0 
8 0 0 0 6 0 0 0 3 
4 0 0 8 0 3 0 0 1 
7 0 0 0 2 0 0 0 6 
0 6 0 0 0 0 2 8 0 
0 0 0 4 1 9 0 0 5 
0 0 0 0 8 0 0 7 9 
5 3 1 6 7 8 4 9 2 
6 4 2 1 9 5 0 0 0 
0 9 8 0 0 0 0 6 0 
8 0 0 0 6 0 0 0 3 
4 0 0 8 0 3 0 0 1 
7 0 0 0 2 0 0 0 6 
0 6 0 0 0 0 2 8 0 
0 0 0 4 1 9 0 0 5 
0 0 0 0 8 0 0 7 9 
5 3 1 6 7 8 4 9 2 
6 4 2 1 9 5 3 0 0 
0 9 8 0 0 0 0 6 0 
8 0 0 0 6 0 0 0 3 
4 0 0 8 0 3 0 0 1 
7 0 0 0 2 0 0 0 6 
0 6 0 0 0 0 2 8 0 
0 0 0 4 1 9 0 0 5 
0 0 0 0 8 0 0 7 9 
5 3 1 6 7 8 4 9 2 
6 4 2 1 9 5 7 0 0 
0 9 8 0 0 0 0 6 0 
8 0 0 0 6 0 0 0 3 
4 0 0 8 0 3 0 0 1 
7 0 0 0 2 0 0 0 6 
0 6 0 0 0 0 2 8 0 
0 0 0 4 1 9 0 0 5 
0 0 0 0 8 0 0 7 9 
5 3 1 6 7 8 4 9 2 
6 4 2 1 9 5 7 3 0 
0 9 8 0 0 0 0 6 0 
8 0 0 0 6 0 0 0 3 
4 0 0 8 0 3 0 0 1 
7 0 0 0 2 0 0 0 6 
0 6 0 0 0 0 2 8 0 
0 0 0 4 1 9 0 0 5 
0 0 0 0 8 0 0 7 9 
5 3 1 6 7 8 4 9 2 
6 4 2 1 9 5 7 3 8 
0 9 8 0 0 0 0 6 0 
8 0 0 0 6 0 0 0 3 
4 0 0 8 0 3 0 0 1 
7 0 0 0 2 0 0 0 6 
0 6 0 0 0 0 2 8 0 
0 0 0 4 1 9 0 0 5 
0 0 0 0 8 0 0 7 9 
5 3 1 6 7 8 4 9 2 
6 4 2 1 9 5 8 0 0 
0 9 8 0 0 0 0 6 0 
8 0 0 0 6 0 0 0 3 
4 0 0 8 0 3 0 0 1 
7 0 0 0 2 0 0 0 6 
0 6 0 0 0 0 2 8 0 
0 0 0 4 1 9 0 0 5 
0 0 0 0 8 0 0 7 9 
5 3 1 6 7 8 4 9 2 
6 4 2 1 9 5 8 3 0 
0 9 8 0 0 0 0 6 0 
8 0 0 0 6 0 0 0 3 
4 0 0 8 0 3 0 0 1 
7 0 0 0 2 0 0 0 6 
0 6 0 0 0 0 2 8 0 
0 0 0 4 1 9 0 0 5 
0 0 0 0 8 0 0 7 9 
5 3 1 6 7 8 4 9 2 
6 4 2 1 9 5 8 3 7 
0 9 8 0 0 0 0 6 0 
8 0 0 0 6 0 0 0 3 
4 0 0 8 0 3 0 0 1 
7 0 0 0 2 0 0 0 6 
0 6 0 0 0 0 2 8 0 
0 0 0 4 1 9 0 0 5 
0 0 0 0 8 0 0 7 9 
5 3 1 6 7 8 4 9 2 
6 4 7 1 9 5 0 0 0 
0 9 8 0 0 0 0 6 0 
8 0 0 0 6 0 0 0 3 
4 0 0 8 0 3 0 0 1 
7 0 0 0 2 0 0 0 6 
0 6 0 0 0 0 2 8 0 
0 0 0 4 1 9 0 0 5 
0 0 0 0 8 0 0 7 9 
5 3 1 6 7 8 4 9 2 
6 4 7 1 9 5 0 0 0 
0 9 8 0 0 0 0 6 0 
8 0 0 0 6 0 0 0 3 
4 0 0 8 0 3 0 0 1 
7 0 0 0 2 0 0 0 6 
0 6 0 0 0 0 2 8 0 
0 0 0 4 1 9 0 0 5 
0 0 0 0 8 0 0 7 9 
5 3 1 6 7 8 4 9 2 
6 4 7 1 9 5 0 0 0 
0 9 8 0 0 0 0 6 0 
8 0 0 0 6 0 0 0 3 
4 0 0 8 0 3 0 0 1 
7 0 0 0 2 0 0 0 6 
0 6 0 0 0 0 2 8 0 
0 0 0 4 1 9 0 0 5 
0 0 0 0 8 0 0 7 9 
5 3 1 6 7 8 4 9 2 
6 4 7 1 9 5 0 0 0 
0 9 8 0 0 0 0 6 0 
8 0 0 0 6 0 0 0 3 
4 0 0 8 0 3 0 0 1 
7 0 0 0 2 0 0 0 6 
0 6 0 0 0 0 2 8 0 
0 0 0 4 1 9 0 0 5 
0 0 0 0 8 0 0 7 9 
5 3 1 6 7 8 4 9 2 
6 4 7 1 9 5 3 0 0 
0 9 8 0 0 0 0 6 0 
8 0 0 0 6 0 0 0 3 
4 0 0 8 0 3 0 0 1 
7 0 0 0 2 0 0 0 6 
0 6 0 0 0 0 2 8 0 
0 0 0 4 1 9 0 0 5 
0 0 0 0 8 0 0 7 9 
5 3 1 6 7 8 4 9 2 
6 4 7 1 9 5 8 0 0 
0 9 8 0 0 0 0 6 0 
8 0 0 0 6 0 0 0 3 
4 0 0 8 0 3 0 0 1 
7 0 0 0 2 0 0 0 6 
0 6 0 0 0 0 2 8 0 
0 0 0 4 1 9 0 0 5 
0 0 0 0 8 0 0 7 9 
5 3 1 6 7 8 4 9 2 
6 4 7 1 9 5 8 3 0 
0 9 8 0 0 0 0 6 0 
8 0 0 0 6 0 0 0 3 
4 0 0 8 0 3 0 0 1 
7 0 0 0 2 0 0 0 6 
0 6 0 0 0 0 2 8 0 
0 0 0 4 1 9 0 0 5 
0 0 0 0 8 0 0 7 9 
5 3 1 6 7 8 4 9 2 
6 7 0 1 9 5 0 0 0 
0 9 8 0 0 0 0 6 0 
8 0 0 0 6 0 0 0 3 
4 0 0 8 0 3 0 0 1 
7 0 0 0 2 0 0 0 6 
0 6 0 0 0 0 2 8 0 
0 0 0 4 1 9 0 0 5 
0 0 0 0 8 0 0 7 9 
5 3 1 6 7 8 4 9 2 
6 7 2 1 9 5 0 0 0 
0 9 8 0 0 0 0 6 0 
8 0 0 0 6 0 0 0 3 
4 0 0 8 0 3 0 0 1 
7 0 0 0 2 0 0 0 6 
0 6 0 0 0 0 2 8 0 
0 0 0 4 1 9 0 0 5 
0 0 0 0 8 0 0 7 9 
5 3 1 6 7 8 4 9 2 
6 7 2 1 9 5 0 0 0 
0 9 8 0 0 0 0 6 0 
8 0 0 0 6 0 0 0 3 
4 0 0 8 0 3 0 0 1 
7 0 0 0 2 0 0 0 6 
0 6 0 0 0 0 2 8 0 
0 0 0 4 1 9 0 0 5 
0 0 0 0 8 0 0 7 9 
5 3 1 6 7 8 4 9 2 
6 7 2 1 9 5 0 0 0 
0 9 8 0 0 0 0 6 0 
8 0 0 0 6 0 0 0 3 
4 0 0 8 0 3 0 0 1 
7 0 0 0 2 0 0 0 6 
0 6 0 0 0 0 2 8 0 
0 0 0 4 1 9 0 0 5 
0 0 0 0 8 0 0 7 9 
5 3 1 6 7 8 4 9 2 
6 7 2 1 9 5 0 0 0 
0 9 8 0 0 0 0 6 0 
8 0 0 0 6 0 0 0 3 
4 0 0 8 0 3 0 0 1 
7 0 0 0 2 0 0 0 6 
0 6 0 0 0 0 2 8 0 
0 0 0 4 1 9 0 0 5 
0 0 0 0 8 0 0 7 9 
5 3 1 6 7 8 4 9 2 
6 7 2 1 9 5 3 0 0 
0 9 8 0 0 0 0 6 0 
8 0 0 0 6 0 0 0 3 
4 0 0 8 0 3 0 0 1 
7 0 0 0 2 0 0 0 6 
0 6 0 0 0 0 2 8 0 
0 0 0 4 1 9 0 0 5 
0 0 0 0 8 0 0 7 9 
5 3 1 6 7 8 4 9 2 
6 7 2 1 9 5 8 0 0 
0 9 8 0 0 0 0 6 0 
8 0 0 0 6 0 0 0 3 
4 0 0 8 0 3 0 0 1 
7 0 0 0 2 0 0 0 6 
0 6 0 0 0 0 2 8 0 
0 0 0 4 1 9 0 0 5 
0 0 0 0 8 0 0 7 9 
5 3 1 6 7 8 4 9 2 
6 7 2 1 9 5 8 3 0 
0 9 8 0 0 0 0 6 0 
8 0 0 0 6 0 0 0 3 
4 0 0 8 0 3 0 0 1 
7 0 0 0 2 0 0 0 6 
0 6 0 0 0 0 2 8 0 
0 0 0 4 1 9 0 0 5 
0 0 0 0 8 0 0 7 9 
5 3 1 6 7 8 4 9 2 
6 7 4 1 9 5 0 0 0 
0 9 8 0 0 0 0 6 0 
8 0 0 0 6 0 0 0 3 
4 0 0 8 0 3 0 0 1 
7 0 0 0 2 0 0 0 6 
0 6 0 0 0 0 2 8 0 
0 0 0 4 1 9 0 0 5 
0 0 0 0 8 0 0 7 9 
5 3 1 6 7 8 4 9 2 
6 7 4 1 9 5 0 0 0 
0 9 8 0 0 0 0 6 0 
8 0 0 0 6 0 0 0 3 
4 0 0 8 0 3 0 0 1 
7 0 0 0 2 0 0 0 6 
0 6 0 0 0 0 2 8 0 
0 0 0 4 1 9 0 0 5 
0 0 0 0 8 0 0 7 9 
5 3 1 6 7 8 4 9 2 
6 7 4 1 9 5 0 0 0 
0 9 8 0 0 0 0 6 0 
8 0 0 0 6 0 0 0 3 
4 0 0 8 0 3 0 0 1 
7 0 0 0 2 0 0 0 6 
0 6 0 0 0 0 2 8 0 
0 0 0 4 1 9 0 0 5 
0 0 0 0 8 0 0 7 9 
5 3 1 6 7 8 4 9 2 
6 7 4 1 9 5 0 0 0 
0 9 8 0 0 0 0 6 0 
8 0 0 0 6 0 0 0 3 
4 0 0 8 0 3 0 0 1 
7 0 0 0 2 0 0 0 6 
0 6 0 0 0 0 2 8 0 
0 0 0 4 1 9 0 0 5 
0 0 0 0 8 0 0 7 9 
5 3 1 6 7 8 4 9 2 
6 7 4 1 9 5 3 0 0 
0 9 8 0 0 0 0 6 0 
8 0 0 0 6 0 0 0 3 
4 0 0 8 0 3 0 0 1 
7 0 0 0 2 0 0 0 6 
0 6 0 0 0 0 2 8 0 
0 0 0 4 1 9 0 0 5 
0 0 0 0 8 0 0 7 9 
5 3 1 6 7 8 4 9 2 
6 7 4 1 9 5 8 0 0 
0 9 8 0 0 0 0 6 0 
8 0 0 0 6 0 0 0 3 
4 0 0 8 0 3 0 0 1 
7 0 0 0 2 0 0 0 6 
0 6 0 0 0 0 2 8 0 
0 0 0 4 1 9 0 0 5 
0 0 0 0 8 0 0 7 9 
5 3 1 6 7 8 4 9 2 
6 7 4 1 9 5 8 3 0 
0 9 8 0 0 0 0 6 0 
8 0 0 0 6 0 0 0 3 
4 0 0 8 0 3 0 0 1 
7 0 0 0 2 0 0 0 6 
0 6 0 0 0 0 2 8 0 
0 0 0 4 1 9 0 0 5 
0 0 0 0 8 0 0 7 9 
5 3 1 6 7 8 9 0 0 
6 0 0 1 9 5 0 0 0 
0 9 8 0 0 0 0 6 0 
8 0 0 0 6 0 0 0 3 
4 0 0 8 0 3 0 0 1 
7 0 0 0 2 0 0 0 6 
0 6 0 0 0 0 2 8 0 
0 0 0 4 1 9 0 0 5 
0 0 0 0 8 0 0 7 9 
5 3 1 6 7 8 9 2 0 
6 0 0 1 9 5 0 0 0 
0 9 8 0 0 0 0 6 0 
8 0 0 0 6 0 0 0 3 
4 0 0 8 0 3 0 0 1 
7 0 0 0 2 0 0 0 6 
0 6 0 0 0 0 2 8 0 
0 0 0 4 1 9 0 0 5 
0 0 0 0 8 0 0 7 9 
5 3 1 6 7 8 9 2 4 
6 0 0 1 9 5 0 0 0 
0 9 8 0 0 0 0 6 0 
8 0 0 0 6 0 0 0 3 
4 0 0 8 0 3 0 0 1 
7 0 0 0 2 0 0 0 6 
0 6 0 0 0 0 2 8 0 
0 0 0 4 1 9 0 0 5 
0 0 0 0 8 0 0 7 9 
5 3 1 6 7 8 9 2 4 
6 0 0 1 9 5 0 0 0 
0 9 8 0 0 0 0 6 0 
8 0 0 0 6 0 0 0 3 
4 0 0 8 0 3 0 0 1 
7 0 0 0 2 0 0 0 6 
0 6 0 0 0 0 2 8 0 
0 0 0 4 1 9 0 0 5 
0 0 0 0 8 0 0 7 9 
5 3 1 6 7 8 9 2 4 
6 2 0 1 9 5 0 0 0 
0 9 8 0 0 0 0 6 0 
8 0 0 0 6 0 0 0 3 
4 0 0 8 0 3 0 0 1 
7 0 0 0 2 0 0 0 6 
0 6 0 0 0 0 2 8 0 
0 0 0 4 1 9 0 0 5 
0 0 0 0 8 0 0 7 9 
5 3 1 6 7 8 9 2 4 
6 2 4 1 9 5 0 0 0 
0 9 8 0 0 0 0 6 0 
8 0 0 0 6 0 0 0 3 
4 0 0 8 0 3 0 0 1 
7 0 0 0 2 0 0 0 6 
0 6 0 0 0 0 2 8 0 
0 0 0 4 1 9 0 0 5 
0 0 0 0 8 0 0 7 9 
5 3 1 6 7 8 9 2 4 
6 2 4 1 9 5 0 0 0 
0 9 8 0 0 0 0 6 0 
8 0 0 0 6 0 0 0 3 
4 0 0 8 0 3 0 0 1 
7 0 0 0 2 0 0 0 6 
0 6 0 0 0 0 2 8 0 
0 0 0 4 1 9 0 0 5 
0 0 0 0 8 0 0 7 9 
5 3 1 6 7 8 9 2 4 
6 2 4 1 9 5 0 0 0 
0 9 8 0 0 0 0 6 0 
8 0 0 0 6 0 0 0 3 
4 0 0 8 0 3 0 0 1 
7 0 0 0 2 0 0 0 6 
0 6 0 0 0 0 2 8 0 
0 0 0 4 1 9 0 0 5 
0 0 0 0 8 0 0 7 9 
5 3 1 6 7 8 9 2 4 
6 2 4 1 9 5 0 0 0 
0 9 8 0 0 0 0 6 0 
8 0 0 0 6 0 0 0 3 
4 0 0 8 0 3 0 0 1 
7 0 0 0 2 0 0 0 6 
0 6 0 0 0 0 2 8 0 
0 0 0 4 1 9 0 0 5 
0 0 0 0 8 0 0 7 9 
5 3 1 6 7 8 9 2 4 
6 2 4 1 9 5 3 0 0 
0 9 8 0 0 0 0 6 0 
8 0 0 0 6 0 0 0 3 
4 0 0 8 0 3 0 0 1 
7 0 0 0 2 0 0 0 6 
0 6 0 0 0 0 2 8 0 
0 0 0 4 1 9 0 0 5 
0 0 0 0 8 0 0 7 9 
5 3 1 6 7 8 9 2 4 
6 2 4 1 9 5 7 0 0 
0 9 8 0 0 0 0 6 0 
8 0 0 0 6 0 0 0 3 
4 0 0 8 0 3 0 0 1 
7 0 0 0 2 0 0 0 6 
0 6 0 0 0 0 2 8 0 
0 0 0 4 1 9 0 0 5 
0 0 0 0 8 0 0 7 9 
5 3 1 6 7 8 9 2 4 
6 2 4 1 9 5 7 3 0 
0 9 8 0 0 0 0 6 0 
8 0 0 0 6 0 0 0 3 
4 0 0 8 0 3 0 0 1 
7 0 0 0 2 0 0 0 6 
0 6 0 0 0 0 2 8 0 
0 0 0 4 1 9 0 0 5 
0 0 0 0 8 0 0 7 9 
5 3 1 6 7 8 9 2 4 
6 2 4 1 9 5 7 3 8 
0 9 8 0 0 0 0 6 0 
8 0 0 0 6 0 0 0 3 
4 0 0 8 0 3 0 0 1 
7 0 0 0 2 0 0 0 6 
0 6 0 0 0 0 2 8 0 
0 0 0 4 1 9 0 0 5 
0 0 0 0 8 0 0 7 9 
5 3 1 6 7 8 9 2 4 
6 2 4 1 9 5 8 0 0 
0 9 8 0 0 0 0 6 0 
8 0 0 0 6 0 0 0 3 
4 0 0 8 0 3 0 0 1 
7 0 0 0 2 0 0 0 6 
0 6 0 0 0 0 2 8 0 
0 0 0 4 1 9 0 0 5 
0 0 0 0 8 0 0 7 9 
5 3 1 6 7 8 9 2 4 
6 2 4 1 9 5 8 3 0 
0 9 8 0 0 0 0 6 0 
8 0 0 0 6 0 0 0 3 
4 0 0 8 0 3 0 0 1 
7 0 0 0 2 0 0 0 6 
0 6 0 0 0 0 2 8 0 
0 0 0 4 1 9 0 0 5 
0 0 0 0 8 0 0 7 9 
5 3 1 6 7 8 9 2 4 
6 2 4 1 9 5 8 3 7 
0 9 8 0 0 0 0 6 0 
8 0 0 0 6 0 0 0 3 
4 0 0 8 0 3 0 0 1 
7 0 0 0 2 0 0 0 6 
0 6 0 0 0 0 2 8 0 
0 0 0 4 1 9 0 0 5 
0 0 0 0 8 0 0 7 9 
5 3 1 6 7 8 9 2 4 
6 2 7 1 9 5 0 0 0 
0 9 8 0 0 0 0 6 0 
8 0 0 0 6 0 0 0 3 
4 0 0 8 0 3 0 0 1 
7 0 0 0 2 0 0 0 6 
0 6 0 0 0 0 2 8 0 
0 0 0 4 1 9 0 0 5 
0 0 0 0 8 0 0 7 9 
5 3 1 6 7 8 9 2 4 
6 2 7 1 9 5 0 0 0 
0 9 8 0 0 0 0 6 0 
8 0 0 0 6 0 0 0 3 
4 0 0 8 0 3 0 0 1 
7 0 0 0 2 0 0 0 6 
0 6 0 0 0 0 2 8 0 
0 0 0 4 1 9 0 0 5 
0 0 0 0 8 0 0 7 9 
5 3 1 6 7 8 9 2 4 
6 2 7 1 9 5 0 0 0 
0 9 8 0 0 0 0 6 0 
8 0 0 0 6 0 0 0 3 
4 0 0 8 0 3 0 0 1 
7 0 0 0 2 0 0 0 6 
0 6 0 0 0 0 2 8 0 
0 0 0 4 1 9 0 0 5 
0 0 0 0 8 0 0 7 9 
5 3 1 6 7 8 9 2 4 
6 2 7 1 9 5 0 0 0 
0 9 8 0 0 0 0 6 0 
8 0 0 0 6 0 0 0 3 
4 0 0 8 0 3 0 0 1 
7 0 0 0 2 0 0 0 6 
0 6 0 0 0 0 2 8 0 
0 0 0 4 1 9 0 0 5 
0 0 0 0 8 0 0 7 9 
5 3 1 6 7 8 9 2 4 
6 2 7 1 9 5 3 0 0 
0 9 8 0 0 0 0 6 0 
8 0 0 0 6 0 0 0 3 
4 0 0 8 0 3 0 0 1 
7 0 0 0 2 0 0 0 6 
0 6 0 0 0 0 2 8 0 
0 0 0 4 1 9 0 0 5 
0 0 0 0 8 0 0 7 9 
5 3 1 6 7 8 9 2 4 
6 2 7 1 9 5 8 0 0 
0 9 8 0 0 0 0 6 0 
8 0 0 0 6 0 0 0 3 
4 0 0 8 0 3 0 0 1 
7 0 0 0 2 0 0 0 6 
0 6 0 0 0 0 2 8 0 
0 0 0 4 1 9 0 0 5 
0 0 0 0 8 0 0 7 9 
5 3 1 6 7 8 9 2 4 
6 2 7 1 9 5 8 3 0 
0 9 8 0 0 0 0 6 0 
8 0 0 0 6 0 0 0 3 
4 0 0 8 0 3 0 0 1 
7 0 0 0 2 0 0 0 6 
0 6 0 0 0 0 2 8 0 
0 0 0 4 1 9 0 0 5 
0 0 0 0 8 0 0 7 9 
5 3 1 6 7 8 9 2 4 
6 4 0 1 9 5 0 0 0 
0 9 8 0 0 0 0 6 0 
8 0 0 0 6 0 0 0 3 
4 0 0 8 0 3 0 0 1 
7 0 0 0 2 0 0 0 6 
0 6 0 0 0 0 2 8 0 
0 0 0 4 1 9 0 0 5 
0 0 0 0 8 0 0 7 9 
5 3 1 6 7 8 9 2 4 
6 4 2 1 9 5 0 0 0 
0 9 8 0 0 0 0 6 0 
8 0 0 0 6 0 0 0 3 
4 0 0 8 0 3 0 0 1 
7 0 0 0 2 0 0 0 6 
0 6 0 0 0 0 2 8 0 
0 0 0 4 1 9 0 0 5 
0 0 0 0 8 0 0 7 9 
5 3 1 6 7 8 9 2 4 
6 4 2 1 9 5 0 0 0 
0 9 8 0 0 0 0 6 0 
8 0 0 0 6 0 0 0 3 
4 0 0 8 0 3 0 0 1 
7 0 0 0 2 0 0 0 6 
0 6 0 0 0 0 2 8 0 
0 0 0 4 1 9 0 0 5 
0 0 0 0 8 0 0 7 9 
5 3 1 6 7 8 9 2 4 
6 4 2 1 9 5 0 0 0 
0 9 8 0 0 0 0 6 0 
8 0 0 0 6 0 0 0 3 
4 0 0 8 0 3 0 0 1 
7 0 0 0 2 0 0 0 6 
0 6 0 0 0 0 2 8 0 
0 0 0 4 1 9 0 0 5 
0 0 0 0 8 0 0 7 9 
5 3 1 6 7 8 9 2 4 
6 4 2 1 9 5 0 0 0 
0 9 8 0 0 0 0 6 0 
8 0 0 0 6 0 0 0 3 
4 0 0 8 0 3 0 0 1 
7 0 0 0 2 0 0 0 6 
0 6 0 0 0 0 2 8 0 
0 0 0 4 1 9 0 0 5 
0 0 0 0 8 0 0 7 9 
5 3 1 6 7 8 9 2 4 
6 4 2 1 9 5 3 0 0 
0 9 8 0 0 0 0 6 0 
8 0 0 0 6 0 0 0 3 
4 0 0 8 0 3 0 0 1 
7 0 0 0 2 0 0 0 6 
0 6 0 0 0 0 2 8 0 
0 0 0 4 1 9 0 0 5 
0 0 0 0 8 0 0 7 9 
5 3 1 6 7 8 9 2 4 
6 4 2 1 9 5 7 0 0 
0 9 8 0 0 0 0 6 0 
8 0 0 0 6 0 0 0 3 
4 0 0 8 0 3 0 0 1 
7 0 0 0 2 0 0 0 6 
0 6 0 0 0 0 2 8 0 
0 0 0 4 1 9 0 0 5 
0 0 0 0 8 0 0 7 9 
5 3 1 6 7 8 9 2 4 
6 4 2 1 9 5 7 3 0 
0 9 8 0 0 0 0 6 0 
8 0 0 0 6 0 0 0 3 
4 0 0 8 0 3 0 0 1 
7 0 0 0 2 0 0 0 6 
0 6 0 0 0 0 2 8 0 
0 0 0 4 1 9 0 0 5 
0 0 0 0 8 0 0 7 9 
5 3 1 6 7 8 9 2 4 
6 4 2 1 9 5 7 3 8 
0 9 8 0 0 0 0 6 0 
8 0 0 0 6 0 0 0 3 
4 0 0 8 0 3 0 0 1 
7 0 0 0 2 0 0 0 6 
0 6 0 0 0 0 2 8 0 
0 0 0 4 1 9 0 0 5 
0 0 0 0 8 0 0 7 9 
5 3 1 6 7 8 9 2 4 
6 4 2 1 9 5 8 0 0 
0 9 8 0 0 0 0 6 0 
8 0 0 0 6 0 0 0 3 
4 0 0 8 0 3 0 0 1 
7 0 0 0 2 0 0 0 6 
0 6 0 0 0 0 2 8 0 
0 0 0 4 1 9 0 0 5 
0 0 0 0 8 0 0 7 9 
5 3 1 6 7 8 9 2 4 
6 4 2 1 9 5 8 3 0 
0 9 8 0 0 0 0 6 0 
8 0 0 0 6 0 0 0 3 
4 0 0 8 0 3 0 0 1 
7 0 0 0 2 0 0 0 6 
0 6 0 0 0 0 2 8 0 
0 0 0 4 1 9 0 0 5 
0 0 0 0 8 0 0 7 9 
5 3 1 6 7 8 9 2 4 
6 4 2 1 9 5 8 3 7 
0 9 8 0 0 0 0 6 0 
8 0 0 0 6 0 0 0 3 
4 0 0 8 0 3 0 0 1 
7 0 0 0 2 0 0 0 6 
0 6 0 0 0 0 2 8 0 
0 0 0 4 1 9 0 0 5 
0 0 0 0 8 0 0 7 9 
5 3 1 6 7 8 9 2 4 
6 4 7 1 9 5 0 0 0 
0 9 8 0 0 0 0 6 0 
8 0 0 0 6 0 0 0 3 
4 0 0 8 0 3 0 0 1 
7 0 0 0 2 0 0 0 6 
0 6 0 0 0 0 2 8 0 
0 0 0 4 1 9 0 0 5 
0 0 0 0 8 0 0 7 9 
5 3 1 6 7 8 9 2 4 
6 4 7 1 9 5 0 0 0 
0 9 8 0 0 0 0 6 0 
8 0 0 0 6 0 0 0 3 
4 0 0 8 0 3 0 0 1 
7 0 0 0 2 0 0 0 6 
0 6 0 0 0 0 2 8 0 
0 0 0 4 1 9 0 0 5 
0 0 0 0 8 0 0 7 9 
5 3 1 6 7 8 9 2 4 
6 4 7 1 9 5 0 0 0 
0 9 8 0 0 0 0 6 0 
8 0 0 0 6 0 0 0 3 
4 0 0 8 0 3 0 0 1 
7 0 0 0 2 0 0 0 6 
0 6 0 0 0 0 2 8 0 
0 0 0 4 1 9 0 0 5 
0 0 0 0 8 0 0 7 9 
5 3 1 6 7 8 9 2 4 
6 4 7 1 9 5 0 0 0 
0 9 8 0 0 0 0 6 0 
8 0 0 0 6 0 0 0 3 
4 0 0 8 0 3 0 0 1 
7 0 0 0 2 0 0 0 6 
0 6 0 0 0 0 2 8 0 
0 0 0 4 1 9 0 0 5 
0 0 0 0 8 0 0 7 9 
5 3 1 6 7 8 9 2 4 
6 4 7 1 9 5 3 0 0 
0 9 8 0 0 0 0 6 0 
8 0 0 0 6 0 0 0 3 
4 0 0 8 0 3 0 0 1 
7 0 0 0 2 0 0 0 6 
0 6 0 0 0 0 2 8 0 
0 0 0 4 1 9 0 0 5 
0 0 0 0 8 0 0 7 9 
5 3 1 6 7 8 9 2 4 
6 4 7 1 9 5 8 0 0 
0 9 8 0 0 0 0 6 0 
8 0 0 0 6 0 0 0 3 
4 0 0 8 0 3 0 0 1 
7 0 0 0 2 0 0 0 6 
0 6 0 0 0 0 2 8 0 
0 0 0 4 1 9 0 0 5 
0 0 0 0 8 0 0 7 9 
5 3 1 6 7 8 9 2 4 
6 4 7 1 9 5 8 3 0 
0 9 8 0 0 0 0 6 0 
8 0 0 0 6 0 0 0 3 
4 0 0 8 0 3 0 0 1 
7 0 0 0 2 0 0 0 6 
0 6 0 0 0 0 2 8 0 
0 0 0 4 1 9 0 0 5 
0 0 0 0 8 0 0 7 9 
5 3 1 6 7 8 9 2 4 
6 7 0 1 9 5 0 0 0 
0 9 8 0 0 0 0 6 0 
8 0 0 0 6 0 0 0 3 
4 0 0 8 0 3 0 0 1 
7 0 0 0 2 0 0 0 6 
0 6 0 0 0 0 2 8 0 
0 0 0 4 1 9 0 0 5 
0 0 0 0 8 0 0 7 9 
5 3 1 6 7 8 9 2 4 
6 7 2 1 9 5 0 0 0 
0 9 8 0 0 0 0 6 0 
8 0 0 0 6 0 0 0 3 
4 0 0 8 0 3 0 0 1 
7 0 0 0 2 0 0 0 6 
0 6 0 0 0 0 2 8 0 
0 0 0 4 1 9 0 0 5 
0 0 0 0 8 0 0 7 9 
5 3 1 6 7 8 9 2 4 
6 7 2 1 9 5 0 0 0 
0 9 8 0 0 0 0 6 0 
8 0 0 0 6 0 0 0 3 
4 0 0 8 0 3 0 0 1 
7 0 0 0 2 0 0 0 6 
0 6 0 0 0 0 2 8 0 
0 0 0 4 1 9 0 0 5 
0 0 0 0 8 0 0 7 9 
5 3 1 6 7 8 9 2 4 
6 7 2 1 9 5 0 0 0 
0 9 8 0 0 0 0 6 0 
8 0 0 0 6 0 0 0 3 
4 0 0 8 0 3 0 0 1 
7 0 0 0 2 0 0 0 6 
0 6 0 0 0 0 2 8 0 
0 0 0 4 1 9 0 0 5 
0 0 0 0 8 0 0 7 9 
5 3 1 6 7 8 9 2 4 
6 7 2 1 9 5 0 0 0 
0 9 8 0 0 0 0 6 0 
8 0 0 0 6 0 0 0 3 
4 0 0 8 0 3 0 0 1 
7 0 0 0 2 0 0 0 6 
0 6 0 0 0 0 2 8 0 
0 0 0 4 1 9 0 0 5 
0 0 0 0 8 0 0 7 9 
5 3 1 6 7 8 9 2 4 
6 7 2 1 9 5 3 0 0 
0 9 8 0 0 0 0 6 0 
8 0 0 0 6 0 0 0 3 
4 0 0 8 0 3 0 0 1 
7 0 0 0 2 0 0 0 6 
0 6 0 0 0 0 2 8 0 
0 0 0 4 1 9 0 0 5 
0 0 0 0 8 0 0 7 9 
5 3 1 6 7 8 9 2 4 
6 7 2 1 9 5 8 0 0 
0 9 8 0 0 0 0 6 0 
8 0 0 0 6 0 0 0 3 
4 0 0 8 0 3 0 0 1 
7 0 0 0 2 0 0 0 6 
0 6 0 0 0 0 2 8 0 
0 0 0 4 1 9 0 0 5 
0 0 0 0 8 0 0 7 9 
5 3 1 6 7 8 9 2 4 
6 7 2 1 9 5 8 3 0 
0 9 8 0 0 0 0 6 0 
8 0 0 0 6 0 0 0 3 
4 0 0 8 0 3 0 0 1 
7 0 0 0 2 0 0 0 6 
0 6 0 0 0 0 2 8 0 
0 0 0 4 1 9 0 0 5 
0 0 0 0 8 0 0 7 9 
5 3 1 6 7 8 9 2 4 
6 7 4 1 9 5 0 0 0 
0 9 8 0 0 0 0 6 0 
8 0 0 0 6 0 0 0 3 
4 0 0 8 0 3 0 0 1 
7 0 0 0 2 0 0 0 6 
0 6 0 0 0 0 2 8 0 
0 0 0 4 1 9 0 0 5 
0 0 0 0 8 0 0 7 9 
5 3 1 6 7 8 9 2 4 
6 7 4 1 9 5 0 0 0 
0 9 8 0 0 0 0 6 0 
8 0 0 0 6 0 0 0 3 
4 0 0 8 0 3 0 0 1 
7 0 0 0 2 0 0 0 6 
0 6 0 0 0 0 2 8 0 
0 0 0 4 1 9 0 0 5 
0 0 0 0 8 0 0 7 9 
5 3 1 6 7 8 9 2 4 
6 7 4 1 9 5 0 0 0 
0 9 8 0 0 0 0 6 0 
8 0 0 0 6 0 0 0 3 
4 0 0 8 0 3 0 0 1 
7 0 0 0 2 0 0 0 6 
0 6 0 0 0 0 2 8 0 
0 0 0 4 1 9 0 0 5 
0 0 0 0 8 0 0 7 9 
5 3 1 6 7 8 9 2 4 
6 7 4 1 9 5 0 0 0 
0 9 8 0 0 0 0 6 0 
8 0 0 0 6 0 0 0 3 
4 0 0 8 0 3 0 0 1 
7 0 0 0 2 0 0 0 6 
0 6 0 0 0 0 2 8 0 
0 0 0 4 1 9 0 0 5 
0 0 0 0 8 0 0 7 9 
5 3 1 6 7 8 9 2 4 
6 7 4 1 9 5 3 0 0 
0 9 8 0 0 0 0 6 0 
8 0 0 0 6 0 0 0 3 
4 0 0 8 0 3 0 0 1 
7 0 0 0 2 0 0 0 6 
0 6 0 0 0 0 2 8 0 
0 0 0 4 1 9 0 0 5 
0 0 0 0 8 0 0 7 9 
5 3 1 6 7 8 9 2 4 
6 7 4 1 9 5 8 0 0 
0 9 8 0 0 0 0 6 0 
8 0 0 0 6 0 0 0 3 
4 0 0 8 0 3 0 0 1 
7 0 0 0 2 0 0 0 6 
0 6 0 0 0 0 2 8 0 
0 0 0 4 1 9 0 0 5 
0 0 0 0 8 0 0 7 9 
5 3 1 6 7 8 9 2 4 
6 7 4 1 9 5 8 3 0 
0 9 8 0 0 0 0 6 0 
8 0 0 0 6 0 0 0 3 
4 0 0 8 0 3 0 0 1 
7 0 0 0 2 0 0 0 6 
0 6 0 0 0 0 2 8 0 
0 0 0 4 1 9 0 0 5 
0 0 0 0 8 0 0 7 9 
5 3 1 6 7 8 9 4 0 
6 0 0 1 9 5 0 0 0 
0 9 8 0 0 0 0 6 0 
8 0 0 0 6 0 0 0 3 
4 0 0 8 0 3 0 0 1 
7 0 0 0 2 0 0 0 6 
0 6 0 0 0 0 2 8 0 
0 0 0 4 1 9 0 0 5 
0 0 0 0 8 0 0 7 9 
5 3 1 6 7 8 9 4 2 
6 0 0 1 9 5 0 0 0 
0 9 8 0 0 0 0 6 0 
8 0 0 0 6 0 0 0 3 
4 0 0 8 0 3 0 0 1 
7 0 0 0 2 0 0 0 6 
0 6 0 0 0 0 2 8 0 
0 0 0 4 1 9 0 0 5 
0 0 0 0 8 0 0 7 9 
5 3 1 6 7 8 9 4 2 
6 0 0 1 9 5 0 0 0 
0 9 8 0 0 0 0 6 0 
8 0 0 0 6 0 0 0 3 
4 0 0 8 0 3 0 0 1 
7 0 0 0 2 0 0 0 6 
0 6 0 0 0 0 2 8 0 
0 0 0 4 1 9 0 0 5 
0 0 0 0 8 0 0 7 9 
5 3 1 6 7 8 9 4 2 
6 2 0 1 9 5 0 0 0 
0 9 8 0 0 0 0 6 0 
8 0 0 0 6 0 0 0 3 
4 0 0 8 0 3 0 0 1 
7 0 0 0 2 0 0 0 6 
0 6 0 0 0 0 2 8 0 
0 0 0 4 1 9 0 0 5 
0 0 0 0 8 0 0 7 9 
5 3 1 6 7 8 9 4 2 
6 2 4 1 9 5 0 0 0 
0 9 8 0 0 0 0 6 0 
8 0 0 0 6 0 0 0 3 
4 0 0 8 0 3 0 0 1 
7 0 0 0 2 0 0 0 6 
0 6 0 0 0 0 2 8 0 
0 0 0 4 1 9 0 0 5 
0 0 0 0 8 0 0 7 9 
5 3 1 6 7 8 9 4 2 
6 2 4 1 9 5 0 0 0 
0 9 8 0 0 0 0 6 0 
8 0 0 0 6 0 0 0 3 
4 0 0 8 0 3 0 0 1 
7 0 0 0 2 0 0 0 6 
0 6 0 0 0 0 2 8 0 
0 0 0 4 1 9 0 0 5 
0 0 0 0 8 0 0 7 9 
5 3 1 6 7 8 9 4 2 
6 2 4 1 9 5 0 0 0 
0 9 8 0 0 0 0 6 0 
8 0 0 0 6 0 0 0 3 
4 0 0 8 0 3 0 0 1 
7 0 0 0 2 0 0 0 6 
0 6 0 0 0 0 2 8 0 
0 0 0 4 1 9 0 0 5 
0 0 0 0 8 0 0 7 9 
5 3 1 6 7 8 9 4 2 
6 2 4 1 9 5 0 0 0 
0 9 8 0 0 0 0 6 0 
8 0 0 0 6 0 0 0 3 
4 0 0 8 0 3 0 0 1 
7 0 0 0 2 0 0 0 6 
0 6 0 0 0 0 2 8 0 
0 0 0 4 1 9 0 0 5 
0 0 0 0 8 0 0 7 9 
5 3 1 6 7 8 9 4 2 
6 2 4 1 9 5 3 0 0 
0 9 8 0 0 0 0 6 0 
8 0 0 0 6 0 0 0 3 
4 0 0 8 0 3 0 0 1 
7 0 0 0 2 0 0 0 6 
0 6 0 0 0 0 2 8 0 
0 0 0 4 1 9 0 0 5 
0 0 0 0 8 0 0 7 9 
5 3 1 6 7 8 9 4 2 
6 2 4 1 9 5 7 0 0 
0 9 8 0 0 0 0 6 0 
8 0 0 0 6 0 0 0 3 
4 0 0 8 0 3 0 0 1 
7 0 0 0 2 0 0 0 6 
0 6 0 0 0 0 2 8 0 
0 0 0 4 1 9 0 0 5 
0 0 0 0 8 0 0 7 9 
5 3 1 6 7 8 9 4 2 
6 2 4 1 9 5 7 3 0 
0 9 8 0 0 0 0 6 0 
8 0 0 0 6 0 0 0 3 
4 0 0 8 0 3 0 0 1 
7 0 0 0 2 0 0 0 6 
0 6 0 0 0 0 2 8 0 
0 0 0 4 1 9 0 0 5 
0 0 0 0 8 0 0 7 9 
5 3 1 6 7 8 9 4 2 
6 2 4 1 9 5 7 3 8 
0 9 8 0 0 0 0 6 0 
8 0 0 0 6 0 0 0 3 
4 0 0 8 0 3 0 0 1 
7 0 0 0 2 0 0 0 6 
0 6 0 0 0 0 2 8 0 
0 0 0 4 1 9 0 0 5 
0 0 0 0 8 0 0 7 9 
5 3 1 6 7 8 9 4 2 
6 2 4 1 9 5 8 0 0 
0 9 8 0 0 0 0 6 0 
8 0 0 0 6 0 0 0 3 
4 0 0 8 0 3 0 0 1 
7 0 0 0 2 0 0 0 6 
0 6 0 0 0 0 2 8 0 
0 0 0 4 1 9 0 0 5 
0 0 0 0 8 0 0 7 9 
5 3 1 6 7 8 9 4 2 
6 2 4 1 9 5 8 3 0 
0 9 8 0 0 0 0 6 0 
8 0 0 0 6 0 0 0 3 
4 0 0 8 0 3 0 0 1 
7 0 0 0 2 0 0 0 6 
0 6 0 0 0 0 2 8 0 
0 0 0 4 1 9 0 0 5 
0 0 0 0 8 0 0 7 9 
5 3 1 6 7 8 9 4 2 
6 2 4 1 9 5 8 3 7 
0 9 8 0 0 0 0 6 0 
8 0 0 0 6 0 0 0 3 
4 0 0 8 0 3 0 0 1 
7 0 0 0 2 0 0 0 6 
0 6 0 0 0 0 2 8 0 
0 0 0 4 1 9 0 0 5 
0 0 0 0 8 0 0 7 9 
5 3 1 6 7 8 9 4 2 
6 2 7 1 9 5 0 0 0 
0 9 8 0 0 0 0 6 0 
8 0 0 0 6 0 0 0 3 
4 0 0 8 0 3 0 0 1 
7 0 0 0 2 0 0 0 6 
0 6 0 0 0 0 2 8 0 
0 0 0 4 1 9 0 0 5 
0 0 0 0 8 0 0 7 9 
5 3 1 6 7 8 9 4 2 
6 2 7 1 9 5 0 0 0 
0 9 8 0 0 0 0 6 0 
8 0 0 0 6 0 0 0 3 
4 0 0 8 0 3 0 0 1 
7 0 0 0 2 0 0 0 6 
0 6 0 0 0 0 2 8 0 
0 0 0 4 1 9 0 0 5 
0 0 0 0 8 0 0 7 9 
5 3 1 6 7 8 9 4 2 
6 2 7 1 9 5 0 0 0 
0 9 8 0 0 0 0 6 0 
8 0 0 0 6 0 0 0 3 
4 0 0 8 0 3 0 0 1 
7 0 0 0 2 0 0 0 6 
0 6 0 0 0 0 2 8 0 
0 0 0 4 1 9 0 0 5 
0 0 0 0 8 0 0 7 9 
5 3 1 6 7 8 9 4 2 
6 2 7 1 9 5 0 0 0 
0 9 8 0 0 0 0 6 0 
8 0 0 0 6 0 0 0 3 
4 0 0 8 0 3 0 0 1 
7 0 0 0 2 0 0 0 6 
0 6 0 0 0 0 2 8 0 
0 0 0 4 1 9 0 0 5 
0 0 0 0 8 0 0 7 9 
5 3 1 6 7 8 9 4 2 
6 2 7 1 9 5 3 0 0 
0 9 8 0 0 0 0 6 0 
8 0 0 0 6 0 0 0 3 
4 0 0 8 0 3 0 0 1 
7 0 0 0 2 0 0 0 6 
0 6 0 0 0 0 2 8 0 
0 0 0 4 1 9 0 0 5 
0 0 0 0 8 0 0 7 9 
5 3 1 6 7 8 9 4 2 
6 2 7 1 9 5 8 0 0 
0 9 8 0 0 0 0 6 0 
8 0 0 0 6 0 0 0 3 
4 0 0 8 0 3 0 0 1 
7 0 0 0 2 0 0 0 6 
0 6 0 0 0 0 2 8 0 
0 0 0 4 1 9 0 0 5 
0 0 0 0 8 0 0 7 9 
5 3 1 6 7 8 9 4 2 
6 2 7 1 9 5 8 3 0 
0 9 8 0 0 0 0 6 0 
8 0 0 0 6 0 0 0 3 
4 0 0 8 0 3 0 0 1 
7 0 0 0 2 0 0 0 6 
0 6 0 0 0 0 2 8 0 
0 0 0 4 1 9 0 0 5 
0 0 0 0 8 0 0 7 9 
5 3 1 6 7 8 9 4 2 
6 4 0 1 9 5 0 0 0 
0 9 8 0 0 0 0 6 0 
8 0 0 0 6 0 0 0 3 
4 0 0 8 0 3 0 0 1 
7 0 0 0 2 0 0 0 6 
0 6 0 0 0 0 2 8 0 
0 0 0 4 1 9 0 0 5 
0 0 0 0 8 0 0 7 9 
5 3 1 6 7 8 9 4 2 
6 4 2 1 9 5 0 0 0 
0 9 8 0 0 0 0 6 0 
8 0 0 0 6 0 0 0 3 
4 0 0 8 0 3 0 0 1 
7 0 0 0 2 0 0 0 6 
0 6 0 0 0 0 2 8 0 
0 0 0 4 1 9 0 0 5 
0 0 0 0 8 0 0 7 9 
5 3 1 6 7 8 9 4 2 
6 4 2 1 9 5 0 0 0 
0 9 8 0 0 0 0 6 0 
8 0 0 0 6 0 0 0 3 
4 0 0 8 0 3 0 0 1 
7 0 0 0 2 0 0 0 6 
0 6 0 0 0 0 2 8 0 
0 0 0 4 1 9 0 0 5 
0 0 0 0 8 0 0 7 9 
5 3 1 6 7 8 9 4 2 
6 4 2 1 9 5 0 0 0 
0 9 8 0 0 0 0 6 0 
8 0 0 0 6 0 0 0 3 
4 0 0 8 0 3 0 0 1 
7 0 0 0 2 0 0 0 6 
0 6 0 0 0 0 2 8 0 
0 0 0 4 1 9 0 0 5 
0 0 0 0 8 0 0 7 9 
5 3 1 6 7 8 9 4 2 
6 4 2 1 9 5 0 0 0 
0 9 8 0 0 0 0 6 0 
8 0 0 0 6 0 0 0 3 
4 0 0 8 0 3 0 0 1 
7 0 0 0 2 0 0 0 6 
0 6 0 0 0 0 2 8 0 
0 0 0 4 1 9 0 0 5 
0 0 0 0 8 0 0 7 9 
5 3 1 6 7 8 9 4 2 
6 4 2 1 9 5 3 0 0 
0 9 8 0 0 0 0 6 0 
8 0 0 0 6 0 0 0 3 
4 0 0 8 0 3 0 0 1 
7 0 0 0 2 0 0 0 6 
0 6 0 0 0 0 2 8 0 
0 0 0 4 1 9 0 0 5 
0 0 0 0 8 0 0 7 9 
5 3 1 6 7 8 9 4 2 
6 4 2 1 9 5 7 0 0 
0 9 8 0 0 0 0 6 0 
8 0 0 0 6 0 0 0 3 
4 0 0 8 0 3 0 0 1 
7 0 0 0 2 0 0 0 6 
0 6 0 0 0 0 2 8 0 
0 0 0 4 1 9 0 0 5 
0 0 0 0 8 0 0 7 9 
5 3 1 6 7 8 9 4 2 
6 4 2 1 9 5 7 3 0 
0 9 8 0 0 0 0 6 0 
8 0 0 0 6 0 0 0 3 
4 0 0 8 0 3 0 0 1 
7 0 0 0 2 0 0 0 6 
0 6 0 0 0 0 2 8 0 
0 0 0 4 1 9 0 0 5 
0 0 0 0 8 0 0 7 9 
5 3 1 6 7 8 9 4 2 
6 4 2 1 9 5 7 3 8 
0 9 8 0 0 0 0 6 0 
8 0 0 0 6 0 0 0 3 
4 0 0 8 0 3 0 0 1 
7 0 0 0 2 0 0 0 6 
0 6 0 0 0 0 2 8 0 
0 0 0 4 1 9 0 0 5 
0 0 0 0 8 0 0 7 9 
5 3 1 6 7 8 9 4 2 
6 4 2 1 9 5 8 0 0 
0 9 8 0 0 0 0 6 0 
8 0 0 0 6 0 0 0 3 
4 0 0 8 0 3 0 0 1 
7 0 0 0 2 0 0 0 6 
0 6 0 0 0 0 2 8 0 
0 0 0 4 1 9 0 0 5 
0 0 0 0 8 0 0 7 9 
5 3 1 6 7 8 9 4 2 
6 4 2 1 9 5 8 3 0 
0 9 8 0 0 0 0 6 0 
8 0 0 0 6 0 0 0 3 
4 0 0 8 0 3 0 0 1 
7 0 0 0 2 0 0 0 6 
0 6 0 0 0 0 2 8 0 
0 0 0 4 1 9 0 0 5 
0 0 0 0 8 0 0 7 9 
5 3 1 6 7 8 9 4 2 
6 4 2 1 9 5 8 3 7 
0 9 8 0 0 0 0 6 0 
8 0 0 0 6 0 0 0 3 
4 0 0 8 0 3 0 0 1 
7 0 0 0 2 0 0 0 6 
0 6 0 0 0 0 2 8 0 
0 0 0 4 1 9 0 0 5 
0 0 0 0 8 0 0 7 9 
5 3 1 6 7 8 9 4 2 
6 4 7 1 9 5 0 0 0 
0 9 8 0 0 0 0 6 0 
8 0 0 0 6 0 0 0 3 
4 0 0 8 0 3 0 0 1 
7 0 0 0 2 0 0 0 6 
0 6 0 0 0 0 2 8 0 
0 0 0 4 1 9 0 0 5 
0 0 0 0 8 0 0 7 9 
5 3 1 6 7 8 9 4 2 
6 4 7 1 9 5 0 0 0 
0 9 8 0 0 0 0 6 0 
8 0 0 0 6 0 0 0 3 
4 0 0 8 0 3 0 0 1 
7 0 0 0 2 0 0 0 6 
0 6 0 0 0 0 2 8 0 
0 0 0 4 1 9 0 0 5 
0 0 0 0 8 0 0 7 9 
5 3 1 6 7 8 9 4 2 
6 4 7 1 9 5 0 0 0 
0 9 8 0 0 0 0 6 0 
8 0 0 0 6 0 0 0 3 
4 0 0 8 0 3 0 0 1 
7 0 0 0 2 0 0 0 6 
0 6 0 0 0 0 2 8 0 
0 0 0 4 1 9 0 0 5 
0 0 0 0 8 0 0 7 9 
5 3 1 6 7 8 9 4 2 
6 4 7 1 9 5 0 0 0 
0 9 8 0 0 0 0 6 0 
8 0 0 0 6 0 0 0 3 
4 0 0 8 0 3 0 0 1 
7 0 0 0 2 0 0 0 6 
0 6 0 0 0 0 2 8 0 
0 0 0 4 1 9 0 0 5 
0 0 0 0 8 0 0 7 9 
5 3 1 6 7 8 9 4 2 
6 4 7 1 9 5 3 0 0 
0 9 8 0 0 0 0 6 0 
8 0 0 0 6 0 0 0 3 
4 0 0 8 0 3 0 0 1 
7 0 0 0 2 0 0 0 6 
0 6 0 0 0 0 2 8 0 
0 0 0 4 1 9 0 0 5 
0 0 0 0 8 0 0 7 9 
5 3 1 6 7 8 9 4 2 
6 4 7 1 9 5 8 0 0 
0 9 8 0 0 0 0 6 0 
8 0 0 0 6 0 0 0 3 
4 0 0 8 0 3 0 0 1 
7 0 0 0 2 0 0 0 6 
0 6 0 0 0 0 2 8 0 
0 0 0 4 1 9 0 0 5 
0 0 0 0 8 0 0 7 9 
5 3 1 6 7 8 9 4 2 
6 4 7 1 9 5 8 3 0 
0 9 8 0 0 0 0 6 0 
8 0 0 0 6 0 0 0 3 
4 0 0 8 0 3 0 0 1 
7 0 0 0 2 0 0 0 6 
0 6 0 0 0 0 2 8 0 
0 0 0 4 1 9 0 0 5 
0 0 0 0 8 0 0 7 9 
5 3 1 6 7 8 9 4 2 
6 7 0 1 9 5 0 0 0 
0 9 8 0 0 0 0 6 0 
8 0 0 0 6 0 0 0 3 
4 0 0 8 0 3 0 0 1 
7 0 0 0 2 0 0 0 6 
0 6 0 0 0 0 2 8 0 
0 0 0 4 1 9 0 0 5 
0 0 0 0 8 0 0 7 9 
5 3 1 6 7 8 9 4 2 
6 7 2 1 9 5 0 0 0 
0 9 8 0 0 0 0 6 0 
8 0 0 0 6 0 0 0 3 
4 0 0 8 0 3 0 0 1 
7 0 0 0 2 0 0 0 6 
0 6 0 0 0 0 2 8 0 
0 0 0 4 1 9 0 0 5 
0 0 0 0 8 0 